             0
             0
        709044
     115897638
     145440692
     172769222
     278353718
     263471654
     246405808
     228144174
     208962462
     189151084
     169005392
     148829124
     128926042
     109595386
      91126802
      73798572
      57873092
      43589048
      31159670
      20774826
      12588580
       6723810
       3271598
       2280188
       3766220
       7708150
      14045424
      22681816
      33488766
      46304590
      60933750
      77159846
      94736380
     113399748
     132868558
     152850628
     173046682
     193149656
     212859114
     231879740
     249923670
     266720242
     282016654
     295582462
     307214640
     316737412
     324008078
     328915172
     331389468
     331389468
     328915172
     324008078
     316737412
     307214640
     295582462
     282016654
     266720242
     249923670
     231879740
     212859114
     193149656
     173046682
     152850628
     132868558
     113399748
      94736380
      77159846
      60933750
      46304590
      33488766
      22681816
      14045424
       7708150
       3766220
       2280188
       3271598
       6723810
      12588580
      20774826
      31159670
      43589048
      57873092
      73798572
      91126802
     109595386
     128926042
     148829124
     169005392
     189151084
     208962462
     228144174
     246405808
     263471654
     279089054
     293017814
     305051726
     315009332
     322738398
     328126968
     331090240
     331586238
     329607318
     325180180
     318376288
     309292908
     298069522
     284874872
     269906314
     253390560
     235573988
     216728528
     197130978
     177082098
     156883676
     136833432
     117237820
      98392372
      80575800
      64060046
      49091488
      35896838
      24673452
      15590072
       8786180
       4359042
       2380122
       2876120
       5839392
      11227962
      18957028
      28914634
      40948546
      54877306
      70494706
      87560552
     105822186
     125003898
     144815276
     164960968
     185137236
     205040318
     224370974
     242839558
     260167788
     276093268
     290377312
     302806690
     313191534
     321377780
     327242550
     330694762
     331686172
     330200140
     326258210
     319920936
     311284544
     300477594
     287661770
     273032610
     256806514
     239229980
     220566612
     201097802
     181115732
     160919678
     140816704
     121107246
     102086620
      84042690
      67246118
      51949706
      38383898
      26751720
      17228948
       9958282
       5051188
       2576892
       2576892
       5051188
       9958282
      17228948
      26751720
      38383898
      51949706
      67246118
      84042690
     102086620
     121107246
     140816704
     160919678
     181115732
     201097802
     220566612
     239229980
     256806514
     273032610
     287661770
     300477594
     311284544
     319920936
     326258210
     330200140
     331686172
     330694762
     327242550
     321377780
     313191534
     302806690
     290377312
     276093268
     260167788
     242839558
     224370974
     205040318
     185137236
     164960968
     144815276
     125003898
     105822186
      87560552
      70494706
      54877306
      40948546
      28914634
      18957028
      11227962
       5839392
       2876120
       2380122
       4359042
       8786180
      15590072
      24673452
      35896838
      49091488
      64060046
      80575800
      98392372
     117237832
     136835382
     156884262
     177082684
     197132928
     216728540
     235573988
     253390560
     269906314
     284874872
     298069522
     309292908
     318376288
     325180180
     329607318
     331586238
     331090240
     328126968
     322738398
     315009332
     305051726
     293017814
     279089054
     263471654
     246405808
     228144174
     208962462
     189151084
     169005392
     148829124
     128926042
     109595386
      91126802
      73798572
      57873092
      43589048
      31159670
      20774826
      12588580
       6723810
       3271598
       2280188
       3766220
       7708150
      14045424
      22681816
      33488766
      46304590
      60933750
      77159846
      94736380
     113399748
     132868558
     152850628
     173046682
     193149656
     212859114
     231879740
     249923670
     266720242
     282016654
     295582462
     307214640
     316737412
     324008078
     328915172
     331389468
     331389468
     328915172
     324008078
     316737412
     307214640
     295582462
     282016654
     266720242
     249923670
     231879740
     212859114
     193149656
     173046682
     152850628
     132868558
     113399748
      94736380
      77159846
      60933750
      46304590
      33488766
      22681816
      14045424
       7708150
       3766220
       2280188
       3271598
       6723810
      12588580
      20774826
      31159670
      43589048
      57873092
      73798572
      91126802
     109595386
     128926042
     148829124
     169005392
     189151084
     208962462
     228144174
     246405808
     263471654
     279089054
     293017814
     305051726
     315009332
     322738398
     328126968
     331090240
     331586238
     329607318
     325180180
     318376288
     309292908
     298069522
     284874872
     269906314
     253390560
     235573988
     216728528
     197130978
     177082098
     156883676
     136833432
     117237820
      98392372
      80575800
      64060046
      49091488
      35896838
      24673452
      15590072
       8786180
       4359042
       2380122
       2876120
       5839392
      11227962
      18957028
      28914634
      40948546
      54877306
      70494706
      87560552
     105822186
     125003898
     144815276
     164960968
     185137236
     205040318
     224370974
     242839558
     260167788
     276093268
     290377312
     302806690
     313191534
     321377780
     327242550
     330694762
     331686172
     330200140
     326258210
     319920936
     311284544
     300477594
     287661770
     273032610
     256806514
     239229980
     220566612
     201097802
     181115732
     160919678
     140816704
     121107246
     102086620
      84042690
      67246118
      51949706
      38383898
      26751720
      17228948
       9958282
       5051188
       2576892
       2576892
       5051188
       9958282
      17228948
      26751720
      38383898
      51949706
      67246118
      84042690
     102086620
     121107246
     140816704
     160919678
     181115732
     201097802
     220566612
     239229980
     256806514
     273032610
     287661770
     300477594
     311284544
     319920936
     326258210
     330200140
     331686172
     330694762
     327242550
     321377780
     313191534
     302806690
     290377312
     276093268
     260167788
     242839558
     224370974
     205040318
     185137236
     164960968
     144815276
     125003898
     105822186
      87560552
      70494706
      54877306
      40948546
      28914634
      18957028
      11227962
       5839392
       2876120
       2380122
       4359042
       8786180
      15590072
      24673452
      35896838
      49091488
      64060046
      80575800
      98392372
     117237832
     136835382
     156884262
     177082684
     197132928
     216728540
     235573988
     253390560
     269906314
     284874872
     298069522
     309292908
     318376288
     325180180
     329607318
     331586238
     331090240
     328126968
     322738398
     315009332
     305051726
     293017814
     279089054
     263471654
     246405808
     228144174
     208962462
     189151084
     169005392
     148829124
     128926042
     109595386
      91126802
      73798572
      57873092
      43589048
      31159670
      20774826
      12588580
       6723810
       3271598
       2280188
       3766220
       7708150
      14045424
      22681816
      33488766
      46304590
      60933750
      77159846
      94736380
     113399748
     132868558
     152850628
     173046682
     193149656
     212859114
     231879740
     249923670
     266720242
     282016654
     295582462
     307214640
     316737412
     324008078
     328915172
     331389468
     331389468
     328915172
     324008078
     316737412
     307214640
     295582462
     282016654
     266720242
     249923670
     231879740
     212859114
     193149656
     173046682
     152850628
     132868558
     113399748
      94736380
      77159846
      60933750
      46304590
      33488766
      22681816
      14045424
       7708150
       3766220
       2280188
       3271598
       6723810
      12588580
      20774826
      31159670
      43589048
      57873092
      73798572
      91126802
     109595386
     128926042
     148829124
     169005392
     189151084
     208962462
     228144174
     246405808
     263471654
     279089054
     293017814
     305051726
     315009332
     322738398
     328126968
     331090240
     331586238
     329607318
     325180180
     318376288
     309292908
     298069522
     284874872
     269906314
     253390560
     235573988
     216728528
     197130978
     177082098
     156883676
     136833432
     117237820
      98392372
      80575800
      64060046
      49091488
      35896838
      24673452
      15590072
       8786180
       4359042
       2380122
       2876120
       5839392
      11227962
      18957028
      28914634
      40948546
      54877306
      70494706
      87560552
     105822186
     125003898
     144815276
     164960968
     185137236
     205040318
     224370974
     242839558
     260167788
     276093268
     290377312
     302806690
     313191534
     321377780
     327242550
     330694762
     331686172
     330200140
     326258210
     319920936
     311284544
     300477594
     287661770
     273032610
     256806514
     239229980
     220566612
     201097802
     181115732
     160919678
     140816704
     121107246
     102086620
      84042690
      67246118
      51949706
      38383898
      26751720
      17228948
       9958282
       5051188
       2576892
       2576892
       5051188
       9958282
      17228948
      26751720
      38383898
      51949706
      67246118
      84042690
     102086620
     121107246
     140816704
     160919678
     181115732
     201097802
     220566612
     239229980
     256806514
     273032610
     287661770
     300477594
     311284544
     319920936
     326258210
     330200140
     331686172
     330694762
     327242550
     321377780
     313191534
     302806690
     290377312
     276093268
     260167788
     242839558
     224370974
     205040318
     185137236
     164960968
     144815276
     125003898
     105822186
      87560552
      70494706
      54877306
      40948546
      28914634
      18957028
      11227962
       5839392
       2876120
       2380122
       4359042
       8786180
      15590072
      24673452
      35896838
      49091488
      64060046
      80575800
      98392372
     117237832
     136835382
     156884262
     177082684
     197132928
     216728540
     235573988
     253390560
     269906314
     284874872
     298069522
     309292908
     318376288
     325180180
     329607318
     331586238
     331090240
     328126968
     322738398
     315009332
     305051726
     293017814
     279089054
     263471654
     246405808
     228144174
     208962462
     189151084
     169005392
     148829124
     128926042
     109595386
      91126802
      73798572
      57873092
      43589048
      31159670
      20774826
      12588580
       6723810
       3271598
       2280188
       3766220
       7708150
      14045424
      22681816
      33488766
      46304590
      60933750
      77159846
      94736380
     113399748
     132868558
     152850628
     173046682
     193149656
     212859114
     231879740
     249923670
     266720242
     282016654
     295582462
     307214640
     316737412
     324008078
     328915172
     331389468
     331389468
     328915172
     324008078
     316737412
     307214640
     295582462
     282016654
     266720242
     249923670
     231879740
     212859114
     193149656
     173046682
     152850628
     132868558
     113399748
      94736380
      77159846
      60933750
      46304590
      33488766
      22681816
      14045424
       7708150
       3766220
       2280188
       3271598
       6723810
      12588580
      20774826
      31159670
      43589048
      57873092
      73798572
      91126802
     109595386
     128926042
     148829124
     169005392
     189151084
     208962462
     228144174
     246405808
     263471654
     279089054
     293017814
     305051726
     315009332
     322738398
     328126968
     331090240
     331586238
     329607318
     325180180
     318376288
     309292908
     298069522
     284874872
     269906314
     253390560
     235573988
     216728528
     197130978
     177082098
     156883676
     136833432
     117237820
      98392372
      80575800
      64060046
      49091488
      35896838
      24673452
      15590072
       8786180
       4359042
       2380122
       2876120
       5839392
      11227962
      18957028
      28914634
      40948546
      54877306
      70494706
      87560552
     105822186
     125003898
     144815276
     164960968
     185137236
     205040318
     224370974
     242839558
     260167788
     276093268
     290377312
     302806690
     313191534
     321377780
     327242550
     330694762
     331686172
     330200140
     326258210
     319920936
     311284544
     300477594
     287661770
     273032610
     256806514
     239229980
     220566612
     201097802
     181115732
     160919678
     140816704
     121107246
     102086620
      84042690
      67246118
      51949706
      38383898
      26751720
      17228948
       9958282
       5051188
       2576892
       2576892
       5051188
       9958282
      17228948
      26751720
      38383898
      51949706
      67246118
      84042690
     102086620
     121107246
     140816704
     160919678
     181115732
     201097802
     220566612
     239229980
     256806514
     273032610
     287661770
     300477594
     311284544
     319920936
     326258210
     330200140
     331686172
     330694762
     327242550
     321377780
     313191534
     302806690
     290377312
     276093268
     260167788
     242839558
     224370974
     205040318
     185137236
     164960968
     144815276
     125003898
     105822186
      87560552
      70494706
      54877306
      40948546
      28914634
      18957028
      11227962
       5839392
       2876120
       2380122
       4359042
