 -2863
 -2500
 -2099
 -1666
 -1208
  -733
  -246
   245
   732
  1207
  1665
  2098
  2499
  2862
  3183
  3455
  3676
  3841
  3948
  3997
  3985
  3913
  3782
  3594
  3352
  3060
  2722
  2343
  1928
  1485
  1019
   538
    49
  -441
  -925
 -1394
 -1843
 -2263
 -2650
 -2997
 -3299
 -3551
 -3750
 -3892
 -3976
 -4000
 -3964
 -3868
 -3714
 -3505
 -3242
 -2931
 -2576
 -2182
 -1755
 -1302
  -829
  -344
   147
   635
  1113
  1575
  2014
  2421
  2793
  3122
  3405
  3636
  3813
  3932
  3992
  3992
  3932
  3813
  3636
  3405
  3122
  2793
  2421
  2014
  1575
  1113
   635
   147
  -344
  -829
 -1302
 -1755
 -2182
 -2576
 -2931
 -3242
 -3505
 -3714
 -3868
 -3964
 -4000
 -3976
 -3892
 -3750
 -3551
 -3299
 -2997
 -2650
 -2263
 -1843
 -1394
  -925
  -441
    49
   538
  1019
  1485
  1928
  2343
  2722
  3060
  3352
  3594
  3782
  3913
  3985
  3997
  3948
  3841
  3676
  3455
  3183
  2862
  2499
  2098
  1665
  1207
   732
   245
  -246
  -733
 -1208
 -1666
 -2099
 -2500
 -2863
 -3184
 -3456
 -3677
 -3842
 -3950
 -3998
 -3986
 -3914
 -3783
 -3595
 -3353
 -3061
 -2723
 -2344
 -1929
 -1486
 -1020
  -539
   -50
   440
   924
  1393
  1841
  2262
  2649
  2996
  3298
  3550
  3749
  3891
  3975
  3999
  3963
  3867
  3713
  3504
  3241
  2930
  2575
  2181
  1754
  1301
   828
   343
  -148
  -636
 -1115
 -1576
 -2015
 -2423
 -2794
 -3123
 -3406
 -3637
 -3814
 -3933
 -3993
 -3993
 -3933
 -3814
 -3637
 -3406
 -3123
 -2794
 -2423
 -2015
 -1576
 -1115
  -636
  -148
   343
   828
  1301
  1754
  2181
  2575
  2930
  3241
  3504
  3713
  3867
  3963
  3999
  3975
  3891
  3749
  3550
  3298
  2996
  2649
  2262
  1841
  1393
   924
   440
   -50
  -539
 -1020
 -1486
 -1929
 -2344
 -2723
 -3061
 -3353
 -3595
 -3783
 -3914
 -3986
 -3998
 -3950
 -3842
 -3677
 -3456
 -3184
 -2863
 -2500
 -2099
 -1666
 -1208
  -733
  -246
   245
   732
  1207
  1665
  2098
  2499
  2862
  3183
  3455
  3676
  3841
  3948
  3997
  3985
  3913
  3782
  3594
  3352
  3060
  2722
  2343
  1928
  1485
  1019
   538
    49
  -441
  -925
 -1394
 -1843
 -2263
 -2650
 -2997
 -3299
 -3551
 -3750
 -3892
 -3976
 -4000
 -3964
 -3868
 -3714
 -3505
 -3242
 -2931
 -2576
 -2182
 -1755
 -1302
  -829
  -344
   147
   635
  1113
  1575
  2014
  2421
  2793
  3122
  3405
  3636
  3813
  3932
  3992
  3992
  3932
  3813
  3636
  3405
  3122
  2793
  2421
  2014
  1575
  1113
   635
   147
  -344
  -829
 -1302
 -1755
 -2182
 -2576
 -2931
 -3242
 -3505
 -3714
 -3868
 -3964
 -4000
 -3976
 -3892
 -3750
 -3551
 -3299
 -2997
 -2650
 -2263
 -1843
 -1394
  -925
  -441
    49
   538
  1019
  1485
  1928
  2343
  2722
  3060
  3352
  3594
  3782
  3913
  3985
  3997
  3948
  3841
  3676
  3455
  3183
  2862
  2499
  2098
  1665
  1207
   732
   245
  -246
  -733
 -1208
 -1666
 -2099
 -2500
 -2863
 -3184
 -3456
 -3677
 -3842
 -3950
 -3998
 -3986
 -3914
 -3783
 -3595
 -3353
 -3061
 -2723
 -2344
 -1929
 -1486
 -1020
  -539
   -50
   440
   924
  1393
  1841
  2262
  2649
  2996
  3298
  3550
  3749
  3891
  3975
  3999
  3963
  3867
  3713
  3504
  3241
  2930
  2575
  2181
  1754
  1301
   828
   343
  -148
  -636
 -1115
 -1576
 -2015
 -2423
 -2794
 -3123
 -3406
 -3637
 -3814
 -3933
 -3993
 -3993
 -3933
 -3814
 -3637
 -3406
 -3123
 -2794
 -2423
 -2015
 -1576
 -1115
  -636
  -148
   343
   828
  1301
  1754
  2181
  2575
  2930
  3241
  3504
  3713
  3867
  3963
  3999
  3975
  3891
  3749
  3550
  3298
  2996
  2649
  2262
  1841
  1393
   924
   440
   -50
  -539
 -1020
 -1486
 -1929
 -2344
 -2723
 -3061
 -3353
 -3595
 -3783
 -3914
 -3986
 -3998
 -3950
 -3842
 -3677
 -3456
 -3184
 -2863
 -2500
 -2099
 -1666
 -1208
  -733
  -246
   245
   732
  1207
  1665
  2098
  2499
  2862
  3183
  3455
  3676
  3841
  3948
  3997
  3985
  3913
  3782
  3594
  3352
  3060
  2722
  2343
  1928
  1485
  1019
   538
    49
  -441
  -925
 -1394
 -1843
 -2263
 -2650
 -2997
 -3299
 -3551
 -3750
 -3892
 -3976
 -4000
 -3964
 -3868
 -3714
 -3505
 -3242
 -2931
 -2576
 -2182
 -1755
 -1302
  -829
  -344
   147
   635
  1113
  1575
  2014
  2421
  2793
  3122
  3405
  3636
  3813
  3932
  3992
  3992
  3932
  3813
  3636
  3405
  3122
  2793
  2421
  2014
  1575
  1113
   635
   147
  -344
  -829
 -1302
 -1755
 -2182
 -2576
 -2931
 -3242
 -3505
 -3714
 -3868
 -3964
 -4000
 -3976
 -3892
 -3750
 -3551
 -3299
 -2997
 -2650
 -2263
 -1843
 -1394
  -925
  -441
    49
   538
  1019
  1485
  1928
  2343
  2722
  3060
  3352
  3594
  3782
  3913
  3985
  3997
  3948
  3841
  3676
  3455
  3183
  2862
  2499
  2098
  1665
  1207
   732
   245
  -246
  -733
 -1208
 -1666
 -2099
 -2500
 -2863
 -3184
 -3456
 -3677
 -3842
 -3950
 -3998
 -3986
 -3914
 -3783
 -3595
 -3353
 -3061
 -2723
 -2344
 -1929
 -1486
 -1020
  -539
   -50
   440
   924
  1393
  1841
  2262
  2649
  2996
  3298
  3550
  3749
  3891
  3975
  3999
  3963
  3867
  3713
  3504
  3241
  2930
  2575
  2181
  1754
  1301
   828
   343
  -148
  -636
 -1115
 -1576
 -2015
 -2423
 -2794
 -3123
 -3406
 -3637
 -3814
 -3933
 -3993
 -3993
 -3933
 -3814
 -3637
 -3406
 -3123
 -2794
 -2423
 -2015
 -1576
 -1115
  -636
  -148
   343
   828
  1301
  1754
  2181
  2575
  2930
  3241
  3504
  3713
  3867
  3963
  3999
  3975
  3891
  3749
  3550
  3298
  2996
  2649
  2262
  1841
  1393
   924
   440
   -50
  -539
 -1020
 -1486
 -1929
 -2344
 -2723
 -3061
 -3353
 -3595
 -3783
 -3914
 -3986
 -3998
 -3950
 -3842
 -3677
 -3456
 -3184
 -2863
 -2500
 -2099
 -1666
 -1208
  -733
  -246
   245
   732
  1207
  1665
  2098
  2499
  2862
  3183
  3455
  3676
  3841
  3948
  3997
  3985
  3913
  3782
  3594
  3352
  3060
  2722
  2343
  1928
  1485
  1019
   538
    49
  -441
  -925
 -1394
 -1843
 -2263
 -2650
 -2997
 -3299
 -3551
 -3750
 -3892
 -3976
 -4000
 -3964
 -3868
 -3714
 -3505
 -3242
 -2931
 -2576
 -2182
 -1755
 -1302
  -829
  -344
   147
   635
  1113
  1575
  2014
  2421
  2793
  3122
  3405
  3636
  3813
  3932
  3992
  3992
  3932
  3813
  3636
  3405
  3122
  2793
  2421
  2014
  1575
  1113
   635
   147
  -344
  -829
 -1302
 -1755
 -2182
 -2576
 -2931
 -3242
 -3505
 -3714
 -3868
 -3964
 -4000
 -3976
 -3892
 -3750
 -3551
 -3299
 -2997
 -2650
 -2263
 -1843
 -1394
  -925
  -441
    49
   538
  1019
  1485
  1928
  2343
  2722
  3060
  3352
  3594
  3782
  3913
  3985
  3997
  3948
  3841
  3676
  3455
  3183
  2862
  2499
  2098
  1665
  1207
   732
   245
  -246
  -733
 -1208
 -1666
 -2099
 -2500
 -2863
 -3184
 -3456
 -3677
 -3842
 -3950
 -3998
 -3986
 -3914
 -3783
 -3595
 -3353
 -3061
 -2723
 -2344
 -1929
 -1486
 -1020
  -539
   -50
   440
   924
  1393
  1841
  2262
  2649
  2996
  3298
  3550
  3749
  3891
  3975
  3999
  3963
  3867
  3713
  3504
  3241
  2930
  2575
  2181
  1754
  1301
   828
   343
  -148
  -636
 -1115
 -1576
 -2015
 -2423
 -2794
 -3123
 -3406
 -3637
 -3814
 -3933
 -3993
 -3993
 -3933
 -3814
 -3637
 -3406
 -3123
 -2794
 -2423
 -2015
 -1576
 -1115
  -636
  -148
   343
   828
  1301
  1754
  2181
  2575
  2930
  3241
  3504
  3713
  3867
  3963
  3999
  3975
  3891
  3749
  3550
  3298
  2996
  2649
  2262
  1841
  1393
   924
   440
   -50
  -539
 -1020
 -1486
 -1929
 -2344
 -2723
 -3061
 -3353
 -3595
 -3783
 -3914
 -3986
 -3998
 -3950
 -3842
 -3677
 -3456
 -3184
 -2863
 -2500
 -2099
 -1666
 -1208
  -733
  -246
   245
   732
  1207
  1665
  2098
  2499
  2862
  3183
  3455
  3676
  3841
  3948
  3997
  3985
  3913
  3782
  3594
  3352
  3060
  2722
  2343
  1928
  1485
  1019
   538
    49
  -441
  -925
 -1394
 -1843
 -2263
 -2650
 -2997
 -3299
 -3551
 -3750
 -3892
 -3976
 -4000
 -3964
 -3868
 -3714
 -3505
 -3242
 -2931
 -2576
 -2182
 -1755
 -1302
  -829
  -344
   147
   635
  1113
  1575
  2014
  2421
  2793
  3122
  3405
  3636
  3813
  3932
  3992
  3992
  3932
  3813
  3636
  3405
  3122
  2793
  2421
  2014
  1575
  1113
   635
   147
  -344
  -829
 -1302
 -1755
 -2182
 -2576
 -2931
 -3242
 -3505
 -3714
 -3868
 -3964
 -4000
 -3976
 -3892
 -3750
 -3551
 -3299
 -2997
 -2650
 -2263
 -1843
 -1394
  -925
  -441
    49
   538
  1019
  1485
  1928
  2343
  2722
  3060
  3352
  3594
  3782
  3913
  3985
  3997
  3948
  3841
  3676
  3455
  3183
  2862
  2499
  2098
  1665
  1207
   732
   245
  -246
  -733
 -1208
 -1666
 -2099
 -2500
 -2863
 -3184
 -3456
 -3677
 -3842
 -3950
 -3998
 -3986
 -3914
 -3783
 -3595
 -3353
 -3061
 -2723
 -2344
 -1929
 -1486
 -1020
  -539
   -50
   440
   924
  1393
  1841
  2262
  2649
  2996
  3298
  3550
  3749
  3891
  3975
  3999
  3963
  3867
  3713
  3504
  3241
  2930
  2575
  2181
  1754
  1301
   828
   343
  -148
  -636
 -1115
 -1576
 -2015
 -2423
 -2794
 -3123
 -3406
 -3637
 -3814
 -3933
 -3993
 -3993
 -3933
 -3814
 -3637
 -3406
 -3123
 -2794
 -2423
 -2015
 -1576
 -1115
  -636
  -148
   343
   828
  1301
  1754
  2181
  2575
  2930
  3241
  3504
  3713
  3867
  3963
  3999
  3975
  3891
  3749
  3550
  3298
  2996
  2649
  2262
  1841
  1393
   924
   440
   -50
  -539
 -1020
 -1486
 -1929
 -2344
 -2723
 -3061
 -3353
 -3595
 -3783
 -3914
 -3986
 -3998
 -3950
 -3842
 -3677
 -3456
 -3184
 -2863
 -2500
 -2099
 -1666
 -1208
  -733
  -246
   245
   732
  1207
  1665
  2098
  2499
  2862
  3183
  3455
  3676
  3841
  3948
  3997
  3985
  3913
  3782
  3594
  3352
  3060
  2722
  2343
  1928
  1485
  1019
   538
    49
  -441
  -925
 -1394
 -1843
 -2263
 -2650
 -2997
 -3299
 -3551
 -3750
 -3892
 -3976
 -4000
 -3964
 -3868
 -3714
 -3505
 -3242
 -2931
 -2576
 -2182
 -1755
 -1302
  -829
  -344
   147
   635
  1113
  1575
  2014
  2421
  2793
  3122
  3405
  3636
  3813
  3932
  3992
  3992
  3932
  3813
  3636
  3405
  3122
  2793
  2421
  2014
  1575
  1113
   635
   147
  -344
  -829
 -1302
 -1755
 -2182
 -2576
 -2931
 -3242
 -3505
 -3714
 -3868
 -3964
 -4000
 -3976
 -3892
 -3750
 -3551
 -3299
 -2997
 -2650
 -2263
 -1843
 -1394
  -925
  -441
    49
   538
  1019
  1485
  1928
  2343
  2722
  3060
  3352
  3594
  3782
  3913
  3985
  3997
  3948
  3841
  3676
  3455
  3183
  2862
  2499
  2098
  1665
  1207
   732
   245
  -246
  -733
 -1208
 -1666
 -2099
 -2500
 -2863
 -3184
 -3456
 -3677
 -3842
 -3950
 -3998
 -3986
 -3914
 -3783
 -3595
 -3353
 -3061
 -2723
 -2344
 -1929
 -1486
 -1020
  -539
   -50
   440
   924
  1393
  1841
  2262
  2649
  2996
  3298
  3550
  3749
  3891
  3975
  3999
  3963
  3867
  3713
  3504
  3241
  2930
  2575
  2181
  1754
  1301
   828
   343
  -148
  -636
 -1115
 -1576
 -2015
 -2423
 -2794
 -3123
 -3406
 -3637
 -3814
 -3933
 -3993
 -3993
 -3933
 -3814
 -3637
 -3406
 -3123
 -2794
 -2423
 -2015
 -1576
 -1115
  -636
  -148
   343
   828
  1301
  1754
  2181
  2575
  2930
  3241
  3504
  3713
  3867
  3963
  3999
  3975
  3891
  3749
  3550
  3298
  2996
  2649
  2262
  1841
  1393
   924
   440
   -50
  -539
 -1020
 -1486
 -1929
 -2344
 -2723
 -3061
 -3353
 -3595
 -3783
 -3914
 -3986
 -3998
 -3950
 -3842
 -3677
 -3456
 -3184
 -2863
 -2500
 -2099
 -1666
 -1208
  -733
  -246
   245
   732
  1207
  1665
  2098
  2499
  2862
  3183
  3455
  3676
  3841
  3948
  3997
  3985
  3913
  3782
  3594
  3352
  3060
  2722
  2343
  1928
  1485
  1019
   538
    49
  -441
  -925
 -1394
 -1843
 -2263
 -2650
 -2997
 -3299
 -3551
 -3750
 -3892
 -3976
 -4000
 -3964
 -3868
 -3714
 -3505
 -3242
 -2931
 -2576
 -2182
 -1755
 -1302
  -829
  -344
   147
   635
  1113
  1575
  2014
  2421
  2793
  3122
  3405
  3636
  3813
  3932
  3992
  3992
  3932
  3813
  3636
  3405
  3122
  2793
  2421
  2014
  1575
  1113
   635
   147
  -344
  -829
 -1302
 -1755
 -2182
 -2576
 -2931
 -3242
 -3505
 -3714
 -3868
 -3964
 -4000
 -3976
 -3892
 -3750
 -3551
 -3299
 -2997
 -2650
 -2263
 -1843
 -1394
  -925
  -441
    49
   538
  1019
  1485
  1928
  2343
  2722
  3060
  3352
  3594
  3782
  3913
  3985
  3997
  3948
  3841
  3676
  3455
  3183
  2862
  2499
  2098
  1665
  1207
   732
   245
  -246
  -733
 -1208
 -1666
 -2099
 -2500
 -2863
 -3184
 -3456
 -3677
 -3842
 -3950
 -3998
 -3986
 -3914
 -3783
 -3595
 -3353
 -3061
 -2723
 -2344
 -1929
 -1486
 -1020
  -539
   -50
   440
   924
  1393
  1841
  2262
  2649
  2996
  3298
  3550
  3749
  3891
  3975
  3999
  3963
  3867
  3713
  3504
  3241
  2930
  2575
  2181
  1754
  1301
   828
   343
  -148
  -636
 -1115
 -1576
 -2015
 -2423
 -2794
 -3123
 -3406
 -3637
 -3814
 -3933
 -3993
 -3993
 -3933
 -3814
 -3637
 -3406
 -3123
 -2794
 -2423
 -2015
 -1576
 -1115
  -636
  -148
   343
   828
  1301
  1754
  2181
  2575
  2930
  3241
  3504
  3713
  3867
  3963
  3999
  3975
  3891
  3749
  3550
  3298
  2996
  2649
  2262
  1841
  1393
   924
   440
   -50
  -539
 -1020
 -1486
 -1929
 -2344
 -2723
 -3061
 -3353
 -3595
 -3783
 -3914
 -3986
 -3998
 -3950
 -3842
 -3677
 -3456
 -3184
 -2863
 -2500
 -2099
 -1666
 -1208
  -733
  -246
   245
   732
  1207
  1665
  2098
  2499
  2862
  3183
  3455
  3676
  3841
  3948
  3997
  3985
  3913
  3782
  3594
  3352
  3060
  2722
  2343
  1928
  1485
  1019
   538
    49
  -441
  -925
 -1394
 -1843
 -2263
 -2650
 -2997
 -3299
 -3551
 -3750
 -3892
 -3976
 -4000
 -3964
 -3868
 -3714
 -3505
 -3242
 -2931
 -2576
 -2182
 -1755
 -1302
  -829
  -344
   147
   635
  1113
  1575
  2014
  2421
  2793
  3122
  3405
  3636
  3813
  3932
  3992
  3992
  3932
  3813
  3636
  3405
  3122
  2793
  2421
  2014
  1575
  1113
   635
   147
  -344
  -829
 -1302
 -1755
 -2182
 -2576
 -2931
 -3242
 -3505
 -3714
 -3868
 -3964
 -4000
 -3976
 -3892
 -3750
 -3551
 -3299
 -2997
 -2650
 -2263
 -1843
 -1394
  -925
  -441
    49
   538
  1019
  1485
  1928
  2343
  2722
  3060
  3352
  3594
  3782
  3913
  3985
  3997
  3948
  3841
  3676
  3455
  3183
  2862
  2499
  2098
  1665
  1207
   732
   245
  -246
  -733
 -1208
 -1666
 -2099
 -2500
 -2863
 -3184
 -3456
 -3677
 -3842
 -3950
 -3998
 -3986
 -3914
 -3783
 -3595
 -3353
 -3061
 -2723
 -2344
 -1929
 -1486
 -1020
  -539
   -50
   440
   924
  1393
  1841
  2262
  2649
  2996
  3298
  3550
  3749
  3891
  3975
  3999
  3963
  3867
  3713
  3504
  3241
  2930
  2575
  2181
  1754
  1301
   828
   343
  -148
  -636
 -1115
 -1576
 -2015
 -2423
 -2794
 -3123
 -3406
 -3637
 -3814
 -3933
 -3993
 -3993
 -3933
 -3814
 -3637
 -3406
 -3123
 -2794
 -2423
 -2015
 -1576
 -1115
  -636
  -148
   343
   828
  1301
  1754
  2181
  2575
  2930
  3241
  3504
  3713
  3867
  3963
  3999
  3975
  3891
  3749
  3550
  3298
  2996
  2649
  2262
  1841
  1393
   924
   440
   -50
  -539
 -1020
 -1486
 -1929
 -2344
 -2723
 -3061
 -3353
 -3595
 -3783
 -3914
 -3986
 -3998
 -3950
 -3842
 -3677
 -3456
 -3184
 -2863
 -2500
 -2099
 -1666
 -1208
  -733
  -246
   245
   732
  1207
  1665
  2098
  2499
  2862
  3183
  3455
  3676
  3841
  3948
  3997
  3985
  3913
  3782
  3594
  3352
  3060
  2722
  2343
  1928
  1485
  1019
   538
    49
  -441
  -925
 -1394
 -1843
 -2263
 -2650
 -2997
 -3299
 -3551
 -3750
 -3892
 -3976
 -4000
 -3964
 -3868
 -3714
 -3505
 -3242
 -2931
 -2576
 -2182
 -1755
 -1302
  -829
  -344
   147
   635
  1113
  1575
  2014
  2421
  2793
  3122
  3405
  3636
  3813
  3932
  3992
  3992
  3932
  3813
  3636
  3405
  3122
  2793
  2421
  2014
  1575
  1113
   635
   147
  -344
  -829
 -1302
 -1755
 -2182
 -2576
 -2931
 -3242
 -3505
 -3714
 -3868
 -3964
 -4000
 -3976
 -3892
 -3750
 -3551
 -3299
 -2997
 -2650
 -2263
 -1843
 -1394
  -925
  -441
    49
   538
  1019
  1485
  1928
  2343
  2722
  3060
  3352
  3594
  3782
  3913
  3985
  3997
  3948
  3841
  3676
  3455
  3183
  2862
  2499
  2098
  1665
  1207
   732
   245
  -246
  -733
 -1208
 -1666
 -2099
 -2500
 -2863
 -3184
 -3456
 -3677
 -3842
 -3950
 -3998
 -3986
 -3914
 -3783
 -3595
 -3353
 -3061
 -2723
 -2344
 -1929
 -1486
 -1020
  -539
   -50
   440
   924
  1393
  1841
  2262
  2649
  2996
  3298
  3550
  3749
  3891
  3975
  3999
  3963
  3867
  3713
  3504
  3241
  2930
  2575
  2181
  1754
  1301
   828
   343
  -148
  -636
 -1115
 -1576
 -2015
 -2423
 -2794
 -3123
 -3406
 -3637
 -3814
 -3933
 -3993
 -3993
 -3933
 -3814
 -3637
 -3406
 -3123
 -2794
 -2423
 -2015
 -1576
 -1115
  -636
  -148
   343
   828
  1301
  1754
  2181
  2575
  2930
  3241
  3504
  3713
  3867
  3963
  3999
  3975
  3891
  3749
  3550
  3298
  2996
  2649
  2262
  1841
  1393
   924
   440
   -50
  -539
 -1020
 -1486
 -1929
 -2344
 -2723
 -3061
 -3353
 -3595
 -3783
 -3914
 -3986
 -3998
 -3950
 -3842
 -3677
 -3456
 -3184
 -2863
 -2500
 -2099
 -1666
 -1208
  -733
  -246
   245
   732
  1207
  1665
  2098
  2499
  2862
  3183
  3455
  3676
  3841
  3948
  3997
  3985
  3913
  3782
  3594
  3352
  3060
  2722
  2343
  1928
  1485
  1019
   538
    49
  -441
  -925
 -1394
 -1843
 -2263
 -2650
 -2997
 -3299
 -3551
 -3750
 -3892
 -3976
 -4000
 -3964
 -3868
 -3714
 -3505
 -3242
 -2931
 -2576
 -2182
 -1755
 -1302
  -829
  -344
   147
   635
  1113
  1575
  2014
  2421
  2793
  3122
  3405
  3636
  3813
  3932
  3992
  3992
  3932
  3813
  3636
  3405
  3122
  2793
  2421
  2014
  1575
  1113
   635
   147
  -344
  -829
 -1302
 -1755
 -2182
 -2576
 -2931
 -3242
 -3505
 -3714
 -3868
 -3964
 -4000
 -3976
 -3892
 -3750
 -3551
 -3299
 -2997
 -2650
 -2263
 -1843
 -1394
  -925
  -441
    49
   538
  1019
  1485
  1928
  2343
  2722
  3060
  3352
  3594
  3782
  3913
  3985
  3997
  3948
  3841
  3676
  3455
  3183
  2862
  2499
  2098
  1665
  1207
   732
   245
  -246
  -733
 -1208
 -1666
 -2099
 -2500
 -2863
 -3184
 -3456
 -3677
 -3842
 -3950
 -3998
 -3986
 -3914
 -3783
 -3595
 -3353
 -3061
 -2723
 -2344
 -1929
 -1486
 -1020
  -539
   -50
   440
   924
  1393
  1841
  2262
  2649
  2996
  3298
  3550
  3749
  3891
  3975
  3999
  3963
  3867
  3713
  3504
  3241
  2930
  2575
  2181
  1754
  1301
   828
   343
  -148
  -636
 -1115
 -1576
 -2015
 -2423
 -2794
 -3123
 -3406
 -3637
 -3814
 -3933
 -3993
 -3993
 -3933
 -3814
 -3637
 -3406
 -3123
 -2794
 -2423
 -2015
 -1576
 -1115
  -636
  -148
   343
   828
  1301
  1754
  2181
  2575
  2930
  3241
  3504
  3713
  3867
  3963
  3999
  3975
  3891
  3749
  3550
  3298
  2996
  2649
  2262
  1841
  1393
   924
   440
   -50
  -539
 -1020
 -1486
 -1929
 -2344
 -2723
 -3061
 -3353
 -3595
 -3783
 -3914
 -3986
 -3998
 -3950
 -3842
 -3677
 -3456
 -3184
 -2863
 -2500
 -2099
 -1666
 -1208
  -733
  -246
   245
   732
  1207
  1665
  2098
  2499
  2862
  3183
  3455
  3676
  3841
  3948
  3997
  3985
  3913
  3782
  3594
  3352
  3060
  2722
  2343
  1928
  1485
  1019
   538
    49
  -441
  -925
 -1394
 -1843
 -2263
 -2650
 -2997
 -3299
 -3551
 -3750
 -3892
 -3976
 -4000
 -3964
 -3868
 -3714
 -3505
 -3242
 -2931
 -2576
 -2182
 -1755
 -1302
  -829
  -344
   147
   635
  1113
  1575
  2014
  2421
  2793
  3122
  3405
  3636
  3813
  3932
  3992
  3992
  3932
  3813
  3636
  3405
  3122
  2793
  2421
  2014
  1575
  1113
   635
   147
  -344
  -829
 -1302
 -1755
 -2182
 -2576
 -2931
 -3242
 -3505
 -3714
 -3868
 -3964
 -4000
 -3976
 -3892
 -3750
 -3551
 -3299
 -2997
 -2650
 -2263
 -1843
 -1394
  -925
  -441
    49
   538
  1019
  1485
  1928
  2343
  2722
  3060
  3352
  3594
  3782
  3913
  3985
  3997
  3948
  3841
  3676
  3455
  3183
  2862
  2499
  2098
  1665
  1207
   732
   245
  -246
  -733
 -1208
 -1666
 -2099
 -2500
 -2863
 -3184
 -3456
 -3677
 -3842
 -3950
 -3998
 -3986
 -3914
 -3783
 -3595
 -3353
 -3061
 -2723
 -2344
 -1929
 -1486
 -1020
  -539
   -50
   440
   924
  1393
  1841
  2262
  2649
  2996
  3298
  3550
  3749
  3891
  3975
  3999
  3963
  3867
  3713
  3504
  3241
  2930
  2575
  2181
  1754
  1301
   828
   343
  -148
  -636
 -1115
 -1576
 -2015
 -2423
 -2794
 -3123
 -3406
 -3637
 -3814
 -3933
 -3993
 -3993
 -3933
 -3814
 -3637
 -3406
 -3123
 -2794
 -2423
 -2015
 -1576
 -1115
  -636
  -148
   343
   828
  1301
  1754
  2181
  2575
  2930
  3241
  3504
  3713
  3867
  3963
  3999
  3975
  3891
  3749
  3550
  3298
  2996
  2649
  2262
  1841
  1393
   924
   440
   -50
  -539
 -1020
 -1486
 -1929
 -2344
 -2723
 -3061
 -3353
 -3595
 -3783
 -3914
 -3986
 -3998
 -3950
 -3842
 -3677
 -3456
 -3184
 -2863
 -2500
 -2099
 -1666
 -1208
  -733
  -246
   245
   732
  1207
  1665
  2098
  2499
  2862
  3183
  3455
  3676
  3841
  3948
  3997
  3985
  3913
  3782
  3594
  3352
  3060
  2722
  2343
  1928
  1485
  1019
   538
    49
  -441
  -925
 -1394
 -1843
 -2263
 -2650
 -2997
 -3299
 -3551
 -3750
 -3892
 -3976
 -4000
 -3964
 -3868
 -3714
 -3505
 -3242
 -2931
 -2576
 -2182
 -1755
 -1302
  -829
  -344
   147
   635
  1113
  1575
  2014
  2421
  2793
  3122
  3405
  3636
  3813
  3932
  3992
  3992
  3932
  3813
  3636
  3405
  3122
  2793
  2421
  2014
  1575
  1113
   635
   147
  -344
  -829
 -1302
 -1755
 -2182
 -2576
 -2931
 -3242
 -3505
 -3714
 -3868
 -3964
 -4000
 -3976
 -3892
 -3750
 -3551
 -3299
 -2997
 -2650
 -2263
 -1843
 -1394
  -925
  -441
    49
   538
  1019
  1485
  1928
  2343
  2722
  3060
  3352
  3594
  3782
  3913
  3985
  3997
  3948
  3841
  3676
  3455
  3183
  2862
  2499
  2098
  1665
  1207
   732
   245
  -246
  -733
 -1208
 -1666
 -2099
 -2500
 -2863
 -3184
 -3456
 -3677
 -3842
 -3950
 -3998
 -3986
 -3914
 -3783
 -3595
 -3353
 -3061
 -2723
 -2344
 -1929
 -1486
 -1020
  -539
   -50
   440
   924
  1393
  1841
  2262
  2649
  2996
  3298
  3550
  3749
  3891
  3975
  3999
  3963
  3867
  3713
  3504
  3241
  2930
  2575
  2181
  1754
  1301
   828
   343
  -148
  -636
 -1115
 -1576
 -2015
 -2423
 -2794
 -3123
 -3406
 -3637
 -3814
 -3933
 -3993
 -3993
 -3933
 -3814
 -3637
 -3406
 -3123
 -2794
 -2423
 -2015
 -1576
 -1115
  -636
  -148
   343
   828
  1301
  1754
  2181
  2575
  2930
  3241
  3504
  3713
  3867
  3963
  3999
  3975
  3891
  3749
  3550
  3298
  2996
  2649
  2262
  1841
  1393
   924
   440
   -50
  -539
 -1020
 -1486
 -1929
 -2344
 -2723
 -3061
 -3353
 -3595
 -3783
 -3914
 -3986
 -3998
 -3950
 -3842
 -3677
 -3456
 -3184
 -2863
 -2500
 -2099
 -1666
 -1208
  -733
  -246
   245
   732
  1207
  1665
  2098
  2499
  2862
  3183
  3455
  3676
  3841
  3948
  3997
  3985
  3913
  3782
  3594
  3352
  3060
  2722
  2343
  1928
  1485
  1019
   538
    49
  -441
  -925
 -1394
 -1843
 -2263
 -2650
 -2997
 -3299
 -3551
 -3750
 -3892
 -3976
 -4000
 -3964
 -3868
 -3714
 -3505
 -3242
 -2931
 -2576
 -2182
 -1755
 -1302
  -829
  -344
   147
   635
  1113
  1575
  2014
  2421
  2793
  3122
  3405
  3636
  3813
  3932
  3992
  3992
  3932
  3813
  3636
  3405
  3122
  2793
  2421
  2014
  1575
  1113
   635
   147
  -344
  -829
 -1302
 -1755
 -2182
 -2576
 -2931
 -3242
 -3505
 -3714
 -3868
 -3964
 -4000
 -3976
 -3892
 -3750
 -3551
 -3299
 -2997
 -2650
 -2263
 -1843
 -1394
  -925
  -441
    49
   538
  1019
  1485
  1928
  2343
  2722
  3060
  3352
  3594
  3782
  3913
  3985
  3997
  3948
  3841
  3676
  3455
  3183
  2862
  2499
  2098
  1665
  1207
   732
   245
  -246
  -733
 -1208
 -1666
 -2099
 -2500
 -2863
 -3184
 -3456
 -3677
 -3842
 -3950
 -3998
 -3986
 -3914
 -3783
 -3595
 -3353
 -3061
 -2723
 -2344
 -1929
 -1486
 -1020
  -539
   -50
   440
   924
  1393
  1841
  2262
  2649
  2996
  3298
  3550
  3749
  3891
  3975
  3999
  3963
  3867
  3713
  3504
  3241
  2930
  2575
  2181
  1754
  1301
   828
   343
  -148
  -636
 -1115
 -1576
 -2015
 -2423
 -2794
 -3123
 -3406
 -3637
 -3814
 -3933
 -3993
 -3993
 -3933
 -3814
 -3637
 -3406
 -3123
 -2794
 -2423
 -2015
 -1576
 -1115
  -636
  -148
   343
   828
  1301
  1754
  2181
  2575
  2930
  3241
  3504
  3713
  3867
  3963
  3999
  3975
  3891
  3749
  3550
  3298
  2996
  2649
  2262
  1841
  1393
   924
   440
   -50
  -539
 -1020
 -1486
 -1929
 -2344
 -2723
 -3061
 -3353
 -3595
 -3783
 -3914
 -3986
 -3998
 -3950
 -3842
 -3677
 -3456
 -3184
 -2863
 -2500
 -2099
 -1666
 -1208
  -733
  -246
   245
   732
  1207
  1665
  2098
  2499
  2862
  3183
  3455
  3676
  3841
  3948
  3997
  3985
  3913
  3782
  3594
  3352
  3060
  2722
  2343
  1928
  1485
  1019
   538
    49
  -441
  -925
 -1394
 -1843
 -2263
 -2650
 -2997
 -3299
 -3551
 -3750
 -3892
 -3976
 -4000
 -3964
 -3868
 -3714
 -3505
 -3242
 -2931
 -2576
 -2182
 -1755
 -1302
  -829
  -344
   147
   635
  1113
  1575
  2014
  2421
  2793
  3122
  3405
  3636
  3813
  3932
  3992
  3992
  3932
  3813
  3636
  3405
  3122
  2793
  2421
  2014
  1575
  1113
   635
   147
  -344
  -829
 -1302
 -1755
 -2182
 -2576
 -2931
 -3242
 -3505
 -3714
 -3868
 -3964
 -4000
 -3976
 -3892
 -3750
 -3551
 -3299
 -2997
 -2650
 -2263
 -1843
 -1394
  -925
  -441
    49
   538
  1019
  1485
  1928
  2343
  2722
  3060
  3352
  3594
  3782
  3913
  3985
  3997
  3948
  3841
  3676
  3455
  3183
  2862
  2499
  2098
  1665
  1207
   732
   245
  -246
  -733
 -1208
 -1666
 -2099
 -2500
 -2863
 -3184
 -3456
 -3677
 -3842
 -3950
 -3998
 -3986
 -3914
 -3783
 -3595
 -3353
 -3061
 -2723
 -2344
 -1929
 -1486
 -1020
  -539
   -50
   440
   924
  1393
  1841
  2262
  2649
  2996
  3298
  3550
  3749
  3891
  3975
  3999
  3963
  3867
  3713
  3504
  3241
  2930
  2575
  2181
  1754
  1301
   828
   343
  -148
  -636
 -1115
 -1576
 -2015
 -2423
 -2794
 -3123
 -3406
 -3637
 -3814
 -3933
 -3993
 -3993
 -3933
 -3814
 -3637
 -3406
 -3123
 -2794
 -2423
 -2015
 -1576
 -1115
  -636
  -148
   343
   828
  1301
  1754
  2181
  2575
  2930
  3241
  3504
  3713
  3867
  3963
  3999
  3975
  3891
  3749
  3550
  3298
  2996
  2649
  2262
  1841
  1393
   924
   440
   -50
  -539
 -1020
 -1486
 -1929
 -2344
 -2723
 -3061
 -3353
 -3595
 -3783
 -3914
 -3986
 -3998
 -3950
 -3842
 -3677
 -3456
 -3184
 -2863
 -2500
 -2099
 -1666
 -1208
  -733
  -246
   245
   732
  1207
  1665
  2098
  2499
  2862
  3183
  3455
  3676
  3841
  3948
  3997
  3985
  3913
  3782
  3594
  3352
  3060
  2722
  2343
  1928
  1485
  1019
   538
    49
  -441
  -925
 -1394
 -1843
 -2263
 -2650
 -2997
 -3299
 -3551
 -3750
 -3892
 -3976
 -4000
 -3964
 -3868
 -3714
 -3505
 -3242
 -2931
 -2576
 -2182
 -1755
 -1302
  -829
  -344
   147
   635
  1113
  1575
  2014
  2421
  2793
  3122
  3405
  3636
  3813
  3932
  3992
  3992
  3932
  3813
  3636
  3405
  3122
  2793
  2421
  2014
  1575
  1113
   635
   147
  -344
  -829
 -1302
 -1755
 -2182
 -2576
 -2931
 -3242
 -3505
 -3714
 -3868
 -3964
 -4000
 -3976
 -3892
 -3750
 -3551
 -3299
 -2997
 -2650
 -2263
 -1843
 -1394
  -925
  -441
    49
   538
  1019
  1485
  1928
  2343
  2722
  3060
  3352
  3594
  3782
  3913
  3985
  3997
  3948
  3841
  3676
  3455
  3183
  2862
  2499
  2098
  1665
  1207
   732
   245
  -246
  -733
 -1208
 -1666
 -2099
 -2500
 -2863
 -3184
 -3456
 -3677
 -3842
 -3950
 -3998
 -3986
 -3914
 -3783
 -3595
 -3353
 -3061
 -2723
 -2344
 -1929
 -1486
 -1020
  -539
   -50
   440
   924
  1393
  1841
  2262
  2649
  2996
  3298
  3550
  3749
  3891
  3975
  3999
  3963
  3867
  3713
  3504
  3241
  2930
  2575
  2181
  1754
  1301
   828
   343
  -148
  -636
 -1115
 -1576
 -2015
 -2423
 -2794
 -3123
 -3406
 -3637
 -3814
 -3933
 -3993
 -3993
 -3933
 -3814
 -3637
 -3406
 -3123
 -2794
 -2423
 -2015
 -1576
 -1115
  -636
  -148
   343
   828
  1301
  1754
  2181
  2575
  2930
  3241
  3504
  3713
  3867
  3963
  3999
  3975
  3891
  3749
  3550
  3298
  2996
  2649
  2262
  1841
  1393
   924
   440
   -50
  -539
 -1020
 -1486
 -1929
 -2344
 -2723
 -3061
 -3353
 -3595
 -3783
 -3914
 -3986
 -3998
 -3950
 -3842
 -3677
 -3456
 -3184
 -2863
 -2500
 -2099
 -1666
 -1208
  -733
  -246
   245
   732
  1207
  1665
  2098
  2499
  2862
  3183
  3455
  3676
  3841
  3948
  3997
  3985
  3913
  3782
  3594
  3352
  3060
  2722
  2343
  1928
  1485
  1019
   538
    49
  -441
  -925
 -1394
 -1843
 -2263
 -2650
 -2997
 -3299
 -3551
 -3750
 -3892
 -3976
 -4000
 -3964
 -3868
 -3714
 -3505
 -3242
 -2931
 -2576
 -2182
 -1755
 -1302
  -829
  -344
   147
   635
  1113
  1575
  2014
  2421
  2793
  3122
  3405
  3636
  3813
  3932
  3992
  3992
  3932
  3813
  3636
  3405
  3122
  2793
  2421
  2014
  1575
  1113
   635
   147
  -344
  -829
 -1302
 -1755
 -2182
 -2576
 -2931
 -3242
 -3505
 -3714
 -3868
 -3964
 -4000
 -3976
 -3892
 -3750
 -3551
 -3299
 -2997
 -2650
 -2263
 -1843
 -1394
  -925
  -441
    49
   538
  1019
  1485
  1928
  2343
  2722
  3060
  3352
  3594
  3782
  3913
  3985
  3997
  3948
  3841
  3676
  3455
  3183
  2862
  2499
  2098
  1665
  1207
   732
   245
  -246
  -733
 -1208
 -1666
 -2099
 -2500
 -2863
 -3184
 -3456
 -3677
 -3842
 -3950
 -3998
 -3986
 -3914
 -3783
 -3595
 -3353
 -3061
 -2723
 -2344
 -1929
 -1486
 -1020
  -539
   -50
   440
   924
  1393
  1841
  2262
  2649
  2996
  3298
  3550
  3749
  3891
  3975
  3999
  3963
  3867
  3713
  3504
  3241
  2930
  2575
  2181
  1754
  1301
   828
   343
  -148
  -636
 -1115
 -1576
 -2015
 -2423
 -2794
 -3123
 -3406
 -3637
 -3814
 -3933
 -3993
 -3993
 -3933
 -3814
 -3637
 -3406
 -3123
 -2794
 -2423
 -2015
 -1576
 -1115
  -636
  -148
   343
   828
  1301
  1754
  2181
  2575
  2930
  3241
  3504
  3713
  3867
  3963
  3999
  3975
  3891
  3749
  3550
  3298
  2996
  2649
  2262
  1841
  1393
   924
   440
   -50
  -539
 -1020
 -1486
 -1929
 -2344
 -2723
 -3061
 -3353
 -3595
 -3783
 -3914
 -3986
 -3998
 -3950
 -3842
 -3677
 -3456
 -3184
 -2863
 -2500
 -2099
 -1666
 -1208
  -733
  -246
   245
   732
  1207
  1665
  2098
  2499
  2862
  3183
  3455
  3676
  3841
  3948
  3997
  3985
  3913
  3782
  3594
  3352
  3060
  2722
  2343
  1928
  1485
  1019
   538
    49
  -441
  -925
 -1394
 -1843
 -2263
 -2650
 -2997
 -3299
 -3551
 -3750
 -3892
 -3976
 -4000
 -3964
 -3868
 -3714
 -3505
 -3242
 -2931
 -2576
 -2182
 -1755
 -1302
  -829
  -344
   147
   635
  1113
  1575
  2014
  2421
  2793
  3122
  3405
  3636
  3813
  3932
  3992
  3992
  3932
  3813
  3636
  3405
  3122
  2793
  2421
  2014
  1575
  1113
   635
   147
  -344
  -829
 -1302
 -1755
 -2182
 -2576
 -2931
 -3242
 -3505
 -3714
 -3868
 -3964
 -4000
 -3976
 -3892
 -3750
 -3551
 -3299
 -2997
 -2650
 -2263
 -1843
 -1394
  -925
  -441
    49
   538
  1019
  1485
  1928
  2343
  2722
  3060
  3352
  3594
  3782
  3913
  3985
  3997
  3948
  3841
  3676
  3455
  3183
  2862
  2499
  2098
  1665
  1207
   732
   245
  -246
  -733
 -1208
 -1666
 -2099
 -2500
 -2863
 -3184
 -3456
 -3677
 -3842
 -3950
 -3998
 -3986
 -3914
 -3783
 -3595
 -3353
 -3061
 -2723
 -2344
 -1929
 -1486
 -1020
  -539
   -50
   440
   924
  1393
  1841
  2262
  2649
  2996
  3298
  3550
  3749
  3891
  3975
  3999
  3963
  3867
  3713
  3504
  3241
  2930
  2575
  2181
  1754
  1301
   828
   343
  -148
  -636
 -1115
 -1576
 -2015
 -2423
 -2794
 -3123
 -3406
 -3637
 -3814
 -3933
 -3993
 -3993
 -3933
 -3814
 -3637
 -3406
 -3123
 -2794
 -2423
 -2015
 -1576
 -1115
  -636
  -148
   343
   828
  1301
  1754
  2181
  2575
  2930
  3241
  3504
  3713
  3867
  3963
  3999
  3975
  3891
  3749
  3550
  3298
  2996
  2649
  2262
  1841
  1393
   924
   440
   -50
  -539
 -1020
 -1486
 -1929
 -2344
 -2723
 -3061
 -3353
 -3595
 -3783
 -3914
 -3986
 -3998
 -3950
 -3842
 -3677
 -3456
 -3184
 -2863
 -2500
 -2099
 -1666
 -1208
  -733
  -246
   245
   732
  1207
  1665
  2098
  2499
  2862
  3183
  3455
  3676
  3841
  3948
  3997
  3985
  3913
  3782
  3594
  3352
  3060
  2722
  2343
  1928
  1485
  1019
   538
    49
  -441
  -925
 -1394
 -1843
 -2263
 -2650
 -2997
 -3299
 -3551
 -3750
 -3892
 -3976
 -4000
 -3964
 -3868
 -3714
 -3505
 -3242
 -2931
 -2576
 -2182
 -1755
 -1302
  -829
  -344
   147
   635
  1113
  1575
  2014
  2421
  2793
  3122
  3405
  3636
  3813
  3932
  3992
  3992
  3932
  3813
  3636
  3405
  3122
  2793
  2421
  2014
  1575
  1113
   635
   147
  -344
  -829
 -1302
 -1755
 -2182
 -2576
 -2931
 -3242
 -3505
 -3714
 -3868
 -3964
 -4000
 -3976
 -3892
 -3750
 -3551
 -3299
 -2997
 -2650
 -2263
 -1843
 -1394
  -925
  -441
    49
   538
  1019
  1485
  1928
  2343
  2722
  3060
  3352
  3594
  3782
  3913
  3985
  3997
  3948
  3841
  3676
  3455
  3183
  2862
  2499
  2098
  1665
  1207
   732
   245
  -246
  -733
 -1208
 -1666
 -2099
 -2500
 -2863
 -3184
 -3456
 -3677
 -3842
 -3950
 -3998
 -3986
 -3914
 -3783
 -3595
 -3353
 -3061
 -2723
 -2344
 -1929
 -1486
 -1020
  -539
   -50
   440
   924
  1393
  1841
  2262
  2649
  2996
  3298
  3550
  3749
  3891
  3975
  3999
  3963
  3867
  3713
  3504
  3241
  2930
  2575
  2181
  1754
  1301
   828
   343
  -148
  -636
 -1115
 -1576
 -2015
 -2423
 -2794
 -3123
 -3406
 -3637
 -3814
 -3933
 -3993
 -3993
 -3933
 -3814
 -3637
 -3406
 -3123
 -2794
 -2423
 -2015
 -1576
 -1115
  -636
  -148
   343
   828
  1301
  1754
  2181
  2575
  2930
  3241
  3504
  3713
  3867
  3963
  3999
  3975
  3891
  3749
  3550
  3298
  2996
  2649
  2262
  1841
  1393
   924
   440
   -50
  -539
 -1020
 -1486
 -1929
 -2344
 -2723
 -3061
 -3353
 -3595
 -3783
 -3914
 -3986
 -3998
 -3950
 -3842
 -3677
 -3456
 -3184
 -2863
 -2500
 -2099
 -1666
 -1208
  -733
  -246
   245
   732
  1207
  1665
  2098
  2499
  2862
  3183
  3455
  3676
  3841
  3948
  3997
  3985
  3913
  3782
  3594
  3352
  3060
  2722
  2343
  1928
  1485
  1019
   538
    49
  -441
  -925
 -1394
 -1843
 -2263
 -2650
 -2997
 -3299
 -3551
 -3750
 -3892
 -3976
 -4000
 -3964
 -3868
 -3714
 -3505
 -3242
 -2931
 -2576
 -2182
 -1755
 -1302
  -829
  -344
   147
   635
  1113
  1575
  2014
  2421
  2793
  3122
  3405
  3636
  3813
  3932
  3992
  3992
  3932
  3813
  3636
  3405
  3122
  2793
  2421
  2014
  1575
  1113
   635
   147
  -344
  -829
 -1302
 -1755
 -2182
 -2576
 -2931
 -3242
 -3505
 -3714
 -3868
 -3964
 -4000
 -3976
 -3892
 -3750
 -3551
 -3299
 -2997
 -2650
 -2263
 -1843
 -1394
  -925
  -441
    49
   538
  1019
  1485
  1928
  2343
  2722
  3060
  3352
  3594
  3782
  3913
  3985
  3997
  3948
  3841
  3676
  3455
  3183
  2862
  2499
  2098
  1665
  1207
   732
   245
  -246
  -733
 -1208
 -1666
 -2099
 -2500
 -2863
 -3184
 -3456
 -3677
 -3842
 -3950
 -3998
 -3986
 -3914
 -3783
 -3595
 -3353
 -3061
 -2723
 -2344
 -1929
 -1486
 -1020
  -539
   -50
   440
   924
  1393
  1841
  2262
  2649
  2996
  3298
  3550
  3749
  3891
  3975
  3999
  3963
  3867
  3713
  3504
  3241
  2930
  2575
  2181
  1754
  1301
   828
   343
  -148
  -636
 -1115
 -1576
 -2015
 -2423
 -2794
 -3123
 -3406
 -3637
 -3814
 -3933
 -3993
 -3993
 -3933
 -3814
 -3637
 -3406
 -3123
 -2794
 -2423
 -2015
 -1576
 -1115
  -636
  -148
   343
   828
  1301
  1754
  2181
  2575
  2930
  3241
  3504
  3713
  3867
  3963
  3999
  3975
  3891
  3749
  3550
  3298
  2996
  2649
  2262
  1841
  1393
   924
   440
   -50
  -539
 -1020
 -1486
 -1929
 -2344
 -2723
 -3061
 -3353
 -3595
 -3783
 -3914
 -3986
 -3998
 -3950
 -3842
 -3677
 -3456
 -3184
 -2863
 -2500
 -2099
 -1666
 -1208
  -733
  -246
   245
   732
  1207
  1665
  2098
  2499
  2862
  3183
  3455
  3676
  3841
  3948
  3997
  3985
  3913
  3782
  3594
  3352
  3060
  2722
  2343
  1928
  1485
  1019
   538
    49
  -441
  -925
 -1394
 -1843
 -2263
 -2650
 -2997
 -3299
 -3551
 -3750
 -3892
 -3976
 -4000
 -3964
 -3868
 -3714
 -3505
 -3242
 -2931
 -2576
 -2182
 -1755
 -1302
  -829
  -344
   147
   635
  1113
  1575
  2014
  2421
  2793
  3122
  3405
  3636
  3813
  3932
  3992
  3992
  3932
  3813
  3636
  3405
  3122
  2793
  2421
  2014
  1575
  1113
   635
   147
  -344
