59087
56499
53555
50298
46777
43046
39160
35178
31160
27166
23256
19489
15922
12608
 9597
 6935
 4662
 2811
 1411
  482
   39
   89
  630
 1654
 3146
 5084
 7438
10173
13248
16616
20228
24028
27960
31963
35979
39947
43807
47500
50972
54170
57047
59558
61666
63339
64553
65289
65535
65289
64553
63339
61666
59558
57047
54170
50972
47500
43807
39947
35979
31963
27960
24028
20228
16616
13248
10173
 7438
 5084
 3146
 1654
  630
   89
   39
  482
 1411
 2811
 4662
 6935
 9597
12608
15922
19489
23256
27166
31160
35178
39160
43046
46777
50298
53555
56499
59087
61278
63041
64348
65180
65525
65377
64739
63620
62036
60013
57579
54773
51635
48214
44560
40729
36779
32767
28756
24806
20975
17321
13900
10762
 7956
 5522
 3499
 1915
  796
  158
   10
  355
 1187
 2494
 4257
 6448
 9036
11980
15237
18758
22489
26375
30357
34375
38369
42279
46046
49613
52927
55938
58600
60873
62724
64124
65053
65496
65446
64905
63881
62389
60451
58097
55362
52287
48919
45307
41507
37575
33572
29556
25588
21728
18035
14563
11365
 8488
 5977
 3869
 2196
  982
  246
    0
  246
  982
 2196
 3869
 5977
 8488
11365
14563
18035
21728
25588
29556
33572
37575
41507
45307
48919
52287
55362
58097
60451
62389
63881
64905
65446
65496
65053
64124
62724
60873
58600
55938
52927
49613
46046
42279
38369
34375
30357
26375
22489
18758
15237
11980
 9036
 6448
 4257
 2494
 1187
  355
   10
  158
  796
 1915
 3499
 5522
 7956
10762
13900
17321
20975
24806
28756
32768
36779
40729
44560
48214
51635
54773
57579
60013
62036
63620
64739
65377
65525
65180
64348
63041
61278
59087
56499
53555
50298
46777
43046
39160
35178
31160
27166
23256
19489
15922
12608
 9597
 6935
 4662
 2811
 1411
  482
   39
   89
  630
 1654
 3146
 5084
 7438
10173
13248
16616
20228
24028
27960
31963
35979
39947
43807
47500
50972
54170
57047
59558
61666
63339
64553
65289
65535
65289
64553
63339
61666
59558
57047
54170
50972
47500
43807
39947
35979
31963
27960
24028
20228
16616
13248
10173
 7438
 5084
 3146
 1654
  630
   89
   39
  482
 1411
 2811
 4662
 6935
 9597
12608
15922
19489
23256
27166
31160
35178
39160
43046
46777
50298
53555
56499
59087
61278
63041
64348
65180
65525
65377
64739
63620
62036
60013
57579
54773
51635
48214
44560
40729
36779
32767
28756
24806
20975
17321
13900
10762
 7956
 5522
 3499
 1915
  796
  158
   10
  355
 1187
 2494
 4257
 6448
 9036
11980
15237
18758
22489
26375
30357
34375
38369
42279
46046
49613
52927
55938
58600
60873
62724
64124
65053
65496
65446
64905
63881
62389
60451
58097
55362
52287
48919
45307
41507
37575
33572
29556
25588
21728
18035
14563
11365
 8488
 5977
 3869
 2196
  982
  246
    0
  246
  982
 2196
 3869
 5977
 8488
11365
14563
18035
21728
25588
29556
33572
37575
41507
45307
48919
52287
55362
58097
60451
62389
63881
64905
65446
65496
65053
64124
62724
60873
58600
55938
52927
49613
46046
42279
38369
34375
30357
26375
22489
18758
15237
11980
 9036
 6448
 4257
 2494
 1187
  355
   10
  158
  796
 1915
 3499
 5522
 7956
10762
13900
17321
20975
24806
28756
32768
36779
40729
44560
48214
51635
54773
57579
60013
62036
63620
64739
65377
65525
65180
64348
63041
61278
59087
56499
53555
50298
46777
43046
39160
35178
31160
27166
23256
19489
15922
12608
 9597
 6935
 4662
 2811
 1411
  482
   39
   89
  630
 1654
 3146
 5084
 7438
10173
13248
16616
20228
24028
27960
31963
35979
39947
43807
47500
50972
54170
57047
59558
61666
63339
64553
65289
65535
65289
64553
63339
61666
59558
57047
54170
50972
47500
43807
39947
35979
31963
27960
24028
20228
16616
13248
10173
 7438
 5084
 3146
 1654
  630
   89
   39
  482
 1411
 2811
 4662
 6935
 9597
12608
15922
19489
23256
27166
31160
35178
39160
43046
46777
50298
53555
56499
59087
61278
63041
64348
65180
65525
65377
64739
63620
62036
60013
57579
54773
51635
48214
44560
40729
36779
32767
28756
24806
20975
17321
13900
10762
 7956
 5522
 3499
 1915
  796
  158
   10
  355
 1187
 2494
 4257
 6448
 9036
11980
15237
18758
22489
26375
30357
34375
38369
42279
46046
49613
52927
55938
58600
60873
62724
64124
65053
65496
65446
64905
63881
62389
60451
58097
55362
52287
48919
45307
41507
37575
33572
29556
25588
21728
18035
14563
11365
 8488
 5977
 3869
 2196
  982
  246
    0
  246
  982
 2196
 3869
 5977
 8488
11365
14563
18035
21728
25588
29556
33572
37575
41507
45307
48919
52287
55362
58097
60451
62389
63881
64905
65446
65496
65053
64124
62724
60873
58600
55938
52927
49613
46046
42279
38369
34375
30357
26375
22489
18758
15237
11980
 9036
 6448
 4257
 2494
 1187
  355
   10
  158
  796
 1915
 3499
 5522
 7956
10762
13900
17321
20975
24806
28756
32768
36779
40729
44560
48214
51635
54773
57579
60013
62036
63620
64739
65377
65525
65180
64348
63041
61278
59087
56499
53555
50298
46777
43046
39160
35178
31160
27166
23256
19489
15922
12608
 9597
 6935
 4662
 2811
 1411
  482
   39
   89
  630
 1654
 3146
 5084
 7438
10173
13248
16616
20228
24028
27960
31963
35979
39947
43807
47500
50972
54170
57047
59558
61666
63339
64553
65289
65535
65289
64553
63339
61666
59558
57047
54170
50972
47500
43807
39947
35979
31963
27960
24028
20228
16616
13248
10173
 7438
 5084
 3146
 1654
  630
   89
   39
  482
 1411
 2811
 4662
 6935
 9597
12608
15922
19489
23256
27166
31160
35178
39160
43046
46777
50298
53555
56499
59087
61278
63041
64348
65180
65525
65377
64739
63620
62036
60013
57579
54773
51635
48214
44560
40729
36779
32767
28756
24806
20975
17321
13900
10762
 7956
 5522
 3499
 1915
  796
  158
   10
  355
 1187
 2494
 4257
 6448
 9036
11980
15237
18758
22489
26375
30357
34375
38369
42279
46046
49613
52927
55938
58600
60873
62724
64124
65053
65496
65446
64905
63881
62389
60451
58097
55362
52287
48919
45307
41507
37575
33572
29556
25588
21728
18035
14563
11365
 8488
 5977
 3869
 2196
  982
  246
    0
  246
  982
 2196
 3869
 5977
 8488
11365
14563
18035
21728
25588
29556
33572
37575
41507
45307
48919
52287
55362
58097
60451
62389
63881
64905
65446
65496
65053
64124
62724
60873
58600
55938
52927
49613
46046
42279
38369
34375
30357
26375
22489
18758
15237
11980
 9036
 6448
 4257
 2494
 1187
  355
   10
  158
  796
 1915
 3499
 5522
 7956
