             0
             0
        309972
70368741924254
      13108312
      26940558
      21367296
      18536642
      15089658
      11415838
       7570110
       3610708
70368743774920
70368739767468
70368735826042
70368732010474
70368728377704
70368724982270
70368721875992
70368719105432
70368716711346
70368714730700
70368713192848
70368712120766
70368711531248
70368711432452
70368711826794
70368712707492
70368714060862
70368715867820
70368718100474
70368720725384
70368723703012
70368726987990
70368730532160
70368734281788
70368738179480
70368742167260
       2008818
       5997282
       9894864
      13644504
      17188674
      20473652
      23451280
      26076190
      28308844
      30115802
      31469172
      32349870
      32744212
      32645416
      32055898
      30983816
      29445964
      27465318
      25071232
      22300672
      19194394
      15798960
      12166190
       8350622
       4409196
        401744
70368740565956
70368736606554
70368732760826
70368729087006
70368725640022
70368722472108
70368719630936
70368717158140
70368715092394
70368713463844
70368712297064
70368711610446
70368711412964
70368711708534
70368712492546
70368713752816
70368715471064
70368717621118
70368720170330
70368723080724
70368726308848
70368729805382
70368733517666
70368737391066
70368741365956
       1205134
       5204794
       9125536
      12909042
      16498860
      19840060
      22882714
      25581260
      27895038
      29789572
      31236422
      32212610
      32704564
      32704564
      32212610
      31236422
      29789572
      27895038
      25581260
      22882714
      19840060
      16498860
      12909042
       9125536
       5204794
       1205134
70368741365956
70368737391066
70368733517666
70368729805382
70368726308848
70368723080724
70368720170330
70368717621118
70368715471064
70368713752816
70368712492546
70368711708534
70368711412964
70368711610446
70368712297064
70368713463844
70368715092394
70368717158140
70368719630936
70368722472108
70368725640022
70368729087006
70368732760826
70368736606554
70368740565956
        401744
       4409196
       8350622
      12166190
      15798960
      19194394
      22300672
      25071232
      27465318
      29445964
      30983816
      32055898
      32645416
      32744212
      32349870
      31469172
      30115802
      28308844
      26076190
      23451280
      20473652
      17188674
      13644504
       9894876
       5997184
       2009404
70368742167846
70368738179382
70368734281800
70368730532160
70368726987990
70368723703012
70368720725384
70368718100474
70368715867820
70368714060862
70368712707492
70368711826794
70368711432452
70368711531248
70368712120766
70368713192848
70368714730700
70368716711346
70368719105432
70368721875992
70368724982270
70368728377704
70368732010474
70368735826042
70368739767468
70368743774920
       3610708
       7570110
      11415838
      15089658
      18536642
      21704556
      24545728
      27018524
      29084270
      30712820
      31879600
      32566218
      32763700
      32468130
      31684118
      30423848
      28705600
      26555546
      24006334
      21095940
      17867816
      14371282
      10658998
       6785598
       2810708
70368742971530
70368738971870
70368735051128
70368731267622
70368727677804
70368724336604
70368721293950
70368718595404
70368716281626
70368714387092
70368712940254
70368711963956
70368711472686
70368711472686
70368711963956
70368712940254
70368714387092
70368716281626
70368718595404
70368721293950
70368724336604
70368727677804
70368731267622
70368735051128
70368738971870
70368742971530
       2810708
       6785598
      10658998
      14371282
      17867816
      21095940
      24006334
      26555546
      28705600
      30423848
      31684118
      32468130
      32763700
      32566218
      31879600
      30712820
      29084270
      27018524
      24545728
      21704556
      18536642
      15089658
      11415838
       7570110
       3610708
70368743774920
70368739767468
70368735826042
70368732010474
70368728377704
70368724982270
70368721875992
70368719105432
70368716711346
70368714730700
70368713192848
70368712120766
70368711531248
70368711432452
70368711826794
70368712707492
70368714060862
70368715867820
70368718100474
70368720725384
70368723703012
70368726987990
70368730532160
70368734281788
70368738179480
70368742167260
       2008818
       5997282
       9894864
      13644504
      17188674
      20473652
      23451280
      26076190
      28308844
      30115802
      31469172
      32349870
      32744212
      32645416
      32055898
      30983816
      29445964
      27465318
      25071232
      22300672
      19194394
      15798960
      12166190
       8350622
       4409196
        401744
70368740565956
70368736606554
70368732760826
70368729087006
70368725640022
70368722472108
70368719630936
70368717158140
70368715092394
70368713463844
70368712297064
70368711610446
70368711412964
70368711708534
70368712492546
70368713752816
70368715471064
70368717621118
70368720170330
70368723080724
70368726308848
70368729805382
70368733517666
70368737391066
70368741365956
       1205134
       5204794
       9125536
      12909042
      16498860
      19840060
      22882714
      25581260
      27895038
      29789572
      31236422
      32212610
      32704564
      32704564
      32212610
      31236422
      29789572
      27895038
      25581260
      22882714
      19840060
      16498860
      12909042
       9125536
       5204794
       1205134
70368741365956
70368737391066
70368733517666
70368729805382
70368726308848
70368723080724
70368720170330
70368717621118
70368715471064
70368713752816
70368712492546
70368711708534
70368711412964
70368711610446
70368712297064
70368713463844
70368715092394
70368717158140
70368719630936
70368722472108
70368725640022
70368729087006
70368732760826
70368736606554
70368740565956
        401744
       4409196
       8350622
      12166190
      15798960
      19194394
      22300672
      25071232
      27465318
      29445964
      30983816
      32055898
      32645416
      32744212
      32349870
      31469172
      30115802
      28308844
      26076190
      23451280
      20473652
      17188674
      13644504
       9894876
       5997184
       2009404
70368742167846
70368738179382
70368734281800
70368730532160
70368726987990
70368723703012
70368720725384
70368718100474
70368715867820
70368714060862
70368712707492
70368711826794
70368711432452
70368711531248
70368712120766
70368713192848
70368714730700
70368716711346
70368719105432
70368721875992
70368724982270
70368728377704
70368732010474
70368735826042
70368739767468
70368743774920
       3610708
       7570110
      11415838
      15089658
      18536642
      21704556
      24545728
      27018524
      29084270
      30712820
      31879600
      32566218
      32763700
      32468130
      31684118
      30423848
      28705600
      26555546
      24006334
      21095940
      17867816
      14371282
      10658998
       6785598
       2810708
70368742971530
70368738971870
70368735051128
70368731267622
70368727677804
70368724336604
70368721293950
70368718595404
70368716281626
70368714387092
70368712940254
70368711963956
70368711472686
70368711472686
70368711963956
70368712940254
70368714387092
70368716281626
70368718595404
70368721293950
70368724336604
70368727677804
70368731267622
70368735051128
70368738971870
70368742971530
       2810708
       6785598
      10658998
      14371282
      17867816
      21095940
      24006334
      26555546
      28705600
      30423848
      31684118
      32468130
      32763700
      32566218
      31879600
      30712820
      29084270
      27018524
      24545728
      21704556
      18536642
      15089658
      11415838
       7570110
       3610708
70368743774920
70368739767468
70368735826042
70368732010474
70368728377704
70368724982270
70368721875992
70368719105432
70368716711346
70368714730700
70368713192848
70368712120766
70368711531248
70368711432452
70368711826794
70368712707492
70368714060862
70368715867820
70368718100474
70368720725384
70368723703012
70368726987990
70368730532160
70368734281788
70368738179480
70368742167260
       2008818
       5997282
       9894864
      13644504
      17188674
      20473652
      23451280
      26076190
      28308844
      30115802
      31469172
      32349870
      32744212
      32645416
      32055898
      30983816
      29445964
      27465318
      25071232
      22300672
      19194394
      15798960
      12166190
       8350622
       4409196
        401744
70368740565956
70368736606554
70368732760826
70368729087006
70368725640022
70368722472108
70368719630936
70368717158140
70368715092394
70368713463844
70368712297064
70368711610446
70368711412964
70368711708534
70368712492546
70368713752816
70368715471064
70368717621118
70368720170330
70368723080724
70368726308848
70368729805382
70368733517666
70368737391066
70368741365956
       1205134
       5204794
       9125536
      12909042
      16498860
      19840060
      22882714
      25581260
      27895038
      29789572
      31236422
      32212610
      32704564
      32704564
      32212610
      31236422
      29789572
      27895038
      25581260
      22882714
      19840060
      16498860
      12909042
       9125536
       5204794
       1205134
70368741365956
70368737391066
70368733517666
70368729805382
70368726308848
70368723080724
70368720170330
70368717621118
70368715471064
70368713752816
70368712492546
70368711708534
70368711412964
70368711610446
70368712297064
70368713463844
70368715092394
70368717158140
70368719630936
70368722472108
70368725640022
70368729087006
70368732760826
70368736606554
70368740565956
        401744
       4409196
       8350622
      12166190
      15798960
      19194394
      22300672
      25071232
      27465318
      29445964
      30983816
      32055898
      32645416
      32744212
      32349870
      31469172
      30115802
      28308844
      26076190
      23451280
      20473652
      17188674
      13644504
       9894876
       5997184
       2009404
70368742167846
70368738179382
70368734281800
70368730532160
70368726987990
70368723703012
70368720725384
70368718100474
70368715867820
70368714060862
70368712707492
70368711826794
70368711432452
70368711531248
70368712120766
70368713192848
70368714730700
70368716711346
70368719105432
70368721875992
70368724982270
70368728377704
70368732010474
70368735826042
70368739767468
70368743774920
       3610708
       7570110
      11415838
      15089658
      18536642
      21704556
      24545728
      27018524
      29084270
      30712820
      31879600
      32566218
      32763700
      32468130
      31684118
      30423848
      28705600
      26555546
      24006334
      21095940
      17867816
      14371282
      10658998
       6785598
       2810708
70368742971530
70368738971870
70368735051128
70368731267622
70368727677804
70368724336604
70368721293950
70368718595404
70368716281626
70368714387092
70368712940254
70368711963956
70368711472686
70368711472686
70368711963956
70368712940254
70368714387092
70368716281626
70368718595404
70368721293950
70368724336604
70368727677804
70368731267622
70368735051128
70368738971870
70368742971530
       2810708
       6785598
      10658998
      14371282
      17867816
      21095940
      24006334
      26555546
      28705600
      30423848
      31684118
      32468130
      32763700
      32566218
      31879600
      30712820
      29084270
      27018524
      24545728
      21704556
      18536642
      15089658
      11415838
       7570110
       3610708
70368743774920
70368739767468
70368735826042
70368732010474
70368728377704
70368724982270
70368721875992
70368719105432
70368716711346
70368714730700
70368713192848
70368712120766
70368711531248
70368711432452
70368711826794
70368712707492
70368714060862
70368715867820
70368718100474
70368720725384
70368723703012
70368726987990
70368730532160
70368734281788
70368738179480
70368742167260
       2008818
       5997282
       9894864
      13644504
      17188674
      20473652
      23451280
      26076190
      28308844
      30115802
      31469172
      32349870
      32744212
      32645416
      32055898
      30983816
      29445964
      27465318
      25071232
      22300672
      19194394
      15798960
      12166190
       8350622
       4409196
        401744
70368740565956
70368736606554
70368732760826
70368729087006
70368725640022
70368722472108
70368719630936
70368717158140
70368715092394
70368713463844
70368712297064
70368711610446
70368711412964
70368711708534
70368712492546
70368713752816
70368715471064
70368717621118
70368720170330
70368723080724
70368726308848
70368729805382
70368733517666
70368737391066
70368741365956
       1205134
       5204794
       9125536
      12909042
      16498860
      19840060
      22882714
      25581260
      27895038
      29789572
      31236422
      32212610
      32704564
      32704564
      32212610
      31236422
      29789572
      27895038
      25581260
      22882714
      19840060
      16498860
      12909042
       9125536
       5204794
       1205134
70368741365956
70368737391066
70368733517666
70368729805382
70368726308848
70368723080724
70368720170330
70368717621118
70368715471064
70368713752816
70368712492546
70368711708534
70368711412964
70368711610446
70368712297064
70368713463844
70368715092394
70368717158140
70368719630936
70368722472108
70368725640022
70368729087006
70368732760826
70368736606554
70368740565956
        401744
       4409196
       8350622
      12166190
      15798960
      19194394
      22300672
      25071232
      27465318
      29445964
      30983816
      32055898
      32645416
      32744212
      32349870
      31469172
      30115802
      28308844
      26076190
      23451280
      20473652
      17188674
      13644504
       9894876
       5997184
       2009404
70368742167846
70368738179382
70368734281800
70368730532160
70368726987990
70368723703012
70368720725384
70368718100474
70368715867820
70368714060862
70368712707492
70368711826794
70368711432452
70368711531248
70368712120766
70368713192848
70368714730700
70368716711346
70368719105432
70368721875992
70368724982270
70368728377704
70368732010474
70368735826042
70368739767468
70368743774920
       3610708
       7570110
      11415838
      15089658
      18536642
      21704556
      24545728
      27018524
      29084270
      30712820
      31879600
      32566218
      32763700
      32468130
      31684118
      30423848
      28705600
      26555546
      24006334
      21095940
      17867816
      14371282
      10658998
       6785598
       2810708
70368742971530
70368738971870
70368735051128
70368731267622
70368727677804
70368724336604
70368721293950
70368718595404
70368716281626
70368714387092
70368712940254
70368711963956
70368711472686
70368711472686
70368711963956
