-15447
-11793
 -7962
 -4012
    -1
  4011
  7961
 11792
 15446
 18867
 22004
 24811
 27244
 29268
 30851
 31970
 32609
 32757
 32412
 31580
 30272
 28510
 26318
 23731
 20787
 17530
 14009
 10278
  6392
  2410
 -1608
 -5602
 -9512
-13279
-16846
-20160
-23170
-25832
-28106
-29956
-31357
-32285
-32728
-32679
-32138
-31114
-29622
-27684
-25330
-22595
-19520
-16151
-12540
 -8740
 -4808
  -805
  3211
  7179
 11038
 14732
 18204
 21402
 24278
 26789
 28897
 30571
 31785
 32520
 32767
 32520
 31785
 30571
 28897
 26789
 24278
 21402
 18204
 14732
 11038
  7179
  3211
  -805
 -4808
 -8740
-12540
-16151
-19520
-22595
-25330
-27684
-29622
-31114
-32138
-32679
-32728
-32285
-31357
-29956
-28106
-25832
-23170
-20160
-16846
-13279
 -9512
 -5602
 -1608
  2410
  6392
 10278
 14009
 17530
 20787
 23731
 26318
 28510
 30272
 31580
 32412
 32757
 32609
 31970
 30851
 29268
 27244
 24811
 22004
 18867
 15446
 11792
  7961
  4011
     0
 -4012
 -7962
-11793
-15447
-18868
-22005
-24812
-27245
-29269
-30852
-31971
-32610
-32758
-32413
-31581
-30273
-28511
-26319
-23732
-20788
-17531
-14010
-10279
 -6393
 -2411
  1607
  5601
  9511
 13278
 16845
 20159
 23169
 25831
 28105
 29955
 31356
 32284
 32727
 32678
 32137
 31113
 29621
 27683
 25329
 22594
 19519
 16150
 12539
  8739
  4807
   804
 -3212
 -7180
-11039
-14733
-18205
-21403
-24279
-26790
-28898
-30572
-31786
-32521
-32767
-32521
-31786
-30572
-28898
-26790
-24279
-21403
-18205
-14733
-11039
 -7180
 -3212
   804
  4807
  8739
 12539
 16150
 19519
 22594
 25329
 27683
 29621
 31113
 32137
 32678
 32727
 32284
 31356
 29955
 28105
 25831
 23169
 20159
 16845
 13278
  9511
  5601
  1607
 -2411
 -6393
-10279
-14010
-17531
-20788
-23732
-26319
-28511
-30273
-31581
-32413
-32758
-32610
-31971
-30852
-29269
-27245
-24812
-22005
-18868
-15447
-11793
 -7962
 -4012
    -1
  4011
  7961
 11792
 15446
 18867
 22004
 24811
 27244
 29268
 30851
 31970
 32609
 32757
 32412
 31580
 30272
 28510
 26318
 23731
 20787
 17530
 14009
 10278
  6392
  2410
 -1608
 -5602
 -9512
-13279
-16846
-20160
-23170
-25832
-28106
-29956
-31357
-32285
-32728
-32679
-32138
-31114
-29622
-27684
-25330
-22595
-19520
-16151
-12540
 -8740
 -4808
  -805
  3211
  7179
 11038
 14732
 18204
 21402
 24278
 26789
 28897
 30571
 31785
 32520
 32767
 32520
 31785
 30571
 28897
 26789
 24278
 21402
 18204
 14732
 11038
  7179
  3211
  -805
 -4808
 -8740
-12540
-16151
-19520
-22595
-25330
-27684
-29622
-31114
-32138
-32679
-32728
-32285
-31357
-29956
-28106
-25832
-23170
-20160
-16846
-13279
 -9512
 -5602
 -1608
  2410
  6392
 10278
 14009
 17530
 20787
 23731
 26318
 28510
 30272
 31580
 32412
 32757
 32609
 31970
 30851
 29268
 27244
 24811
 22004
 18867
 15446
 11792
  7961
  4011
     0
 -4012
 -7962
-11793
-15447
-18868
-22005
-24812
-27245
-29269
-30852
-31971
-32610
-32758
-32413
-31581
-30273
-28511
-26319
-23732
-20788
-17531
-14010
-10279
 -6393
 -2411
  1607
  5601
  9511
 13278
 16845
 20159
 23169
 25831
 28105
 29955
 31356
 32284
 32727
 32678
 32137
 31113
 29621
 27683
 25329
 22594
 19519
 16150
 12539
  8739
  4807
   804
 -3212
 -7180
-11039
-14733
-18205
-21403
-24279
-26790
-28898
-30572
-31786
-32521
-32767
-32521
-31786
-30572
-28898
-26790
-24279
-21403
-18205
-14733
-11039
 -7180
 -3212
   804
  4807
  8739
 12539
 16150
 19519
 22594
 25329
 27683
 29621
 31113
 32137
 32678
 32727
 32284
 31356
 29955
 28105
 25831
 23169
 20159
 16845
 13278
  9511
  5601
  1607
 -2411
 -6393
-10279
-14010
-17531
-20788
-23732
-26319
-28511
-30273
-31581
-32413
-32758
-32610
-31971
-30852
-29269
-27245
-24812
-22005
-18868
-15447
-11793
 -7962
 -4012
    -1
  4011
  7961
 11792
 15446
 18867
 22004
 24811
 27244
 29268
 30851
 31970
 32609
 32757
 32412
 31580
 30272
 28510
 26318
 23731
 20787
 17530
 14009
 10278
  6392
  2410
 -1608
 -5602
 -9512
-13279
-16846
-20160
-23170
-25832
-28106
-29956
-31357
-32285
-32728
-32679
-32138
-31114
-29622
-27684
-25330
-22595
-19520
-16151
-12540
 -8740
 -4808
  -805
  3211
  7179
 11038
 14732
 18204
 21402
 24278
 26789
 28897
 30571
 31785
 32520
 32767
 32520
 31785
 30571
 28897
 26789
 24278
 21402
 18204
 14732
 11038
  7179
  3211
  -805
 -4808
 -8740
-12540
-16151
-19520
-22595
-25330
-27684
-29622
-31114
-32138
-32679
-32728
-32285
-31357
-29956
-28106
-25832
-23170
-20160
-16846
-13279
 -9512
 -5602
 -1608
  2410
  6392
 10278
 14009
 17530
 20787
 23731
 26318
 28510
 30272
 31580
 32412
 32757
 32609
 31970
 30851
 29268
 27244
 24811
 22004
 18867
 15446
 11792
  7961
  4011
     0
 -4012
 -7962
-11793
-15447
-18868
-22005
-24812
-27245
-29269
-30852
-31971
-32610
-32758
-32413
-31581
-30273
-28511
-26319
-23732
-20788
-17531
-14010
-10279
 -6393
 -2411
  1607
  5601
  9511
 13278
 16845
 20159
 23169
 25831
 28105
 29955
 31356
 32284
 32727
 32678
 32137
 31113
 29621
 27683
 25329
 22594
 19519
 16150
 12539
  8739
  4807
   804
 -3212
 -7180
-11039
-14733
-18205
-21403
-24279
-26790
-28898
-30572
-31786
-32521
-32767
-32521
-31786
-30572
-28898
-26790
-24279
-21403
-18205
-14733
-11039
 -7180
 -3212
   804
  4807
  8739
 12539
 16150
 19519
 22594
 25329
 27683
 29621
 31113
 32137
 32678
 32727
 32284
 31356
 29955
 28105
 25831
 23169
 20159
 16845
 13278
  9511
  5601
  1607
 -2411
 -6393
-10279
-14010
-17531
-20788
-23732
-26319
-28511
-30273
-31581
-32413
-32758
-32610
-31971
-30852
-29269
-27245
-24812
-22005
-18868
-15447
-11793
 -7962
 -4012
    -1
  4011
  7961
 11792
 15446
 18867
 22004
 24811
 27244
 29268
 30851
 31970
 32609
 32757
 32412
 31580
 30272
 28510
 26318
 23731
 20787
 17530
 14009
 10278
  6392
  2410
 -1608
 -5602
 -9512
-13279
-16846
-20160
-23170
-25832
-28106
-29956
-31357
-32285
-32728
-32679
-32138
-31114
-29622
-27684
-25330
-22595
-19520
-16151
-12540
 -8740
 -4808
  -805
  3211
  7179
 11038
 14732
 18204
 21402
 24278
 26789
 28897
 30571
 31785
 32520
 32767
 32520
 31785
 30571
 28897
 26789
 24278
 21402
 18204
 14732
 11038
  7179
  3211
  -805
 -4808
 -8740
-12540
-16151
-19520
-22595
-25330
-27684
-29622
-31114
-32138
-32679
-32728
-32285
-31357
-29956
-28106
-25832
-23170
-20160
-16846
-13279
 -9512
 -5602
 -1608
  2410
  6392
 10278
 14009
 17530
 20787
 23731
 26318
 28510
 30272
 31580
 32412
 32757
 32609
 31970
 30851
 29268
 27244
 24811
 22004
 18867
 15446
 11792
  7961
  4011
     0
 -4012
 -7962
-11793
-15447
-18868
-22005
-24812
-27245
-29269
-30852
-31971
-32610
-32758
-32413
-31581
-30273
-28511
-26319
-23732
-20788
-17531
-14010
-10279
 -6393
 -2411
  1607
  5601
  9511
 13278
 16845
 20159
 23169
 25831
 28105
 29955
 31356
 32284
 32727
 32678
 32137
 31113
 29621
 27683
 25329
 22594
 19519
 16150
 12539
  8739
  4807
   804
 -3212
 -7180
-11039
-14733
-18205
-21403
-24279
-26790
-28898
-30572
-31786
-32521
-32767
-32521
-31786
-30572
-28898
-26790
-24279
-21403
-18205
-14733
-11039
 -7180
 -3212
   804
  4807
  8739
 12539
 16150
 19519
 22594
 25329
 27683
 29621
 31113
 32137
 32678
 32727
 32284
 31356
 29955
 28105
 25831
 23169
 20159
 16845
 13278
  9511
  5601
  1607
 -2411
 -6393
-10279
-14010
-17531
-20788
-23732
-26319
-28511
-30273
-31581
-32413
-32758
-32610
-31971
-30852
-29269
-27245
-24812
-22005
-18868
-15447
-11793
 -7962
 -4012
    -1
  4011
  7961
 11792
 15446
 18867
 22004
 24811
 27244
 29268
 30851
 31970
 32609
 32757
 32412
 31580
 30272
 28510
 26318
 23731
 20787
 17530
 14009
 10278
  6392
  2410
 -1608
 -5602
 -9512
-13279
-16846
-20160
-23170
-25832
-28106
-29956
-31357
-32285
-32728
-32679
-32138
-31114
-29622
-27684
-25330
-22595
-19520
-16151
-12540
 -8740
 -4808
  -805
  3211
  7179
 11038
 14732
 18204
 21402
 24278
 26789
 28897
 30571
 31785
 32520
 32767
 32520
 31785
 30571
 28897
 26789
 24278
 21402
 18204
 14732
 11038
  7179
  3211
  -805
 -4808
 -8740
-12540
-16151
-19520
-22595
-25330
-27684
-29622
-31114
-32138
-32679
-32728
-32285
-31357
-29956
-28106
-25832
-23170
-20160
-16846
-13279
 -9512
 -5602
 -1608
  2410
  6392
 10278
 14009
 17530
 20787
 23731
 26318
 28510
 30272
 31580
 32412
 32757
 32609
 31970
 30851
 29268
 27244
 24811
 22004
 18867
 15446
 11792
  7961
  4011
     0
 -4012
 -7962
-11793
-15447
-18868
-22005
-24812
-27245
-29269
-30852
-31971
-32610
-32758
-32413
-31581
-30273
-28511
-26319
-23732
-20788
-17531
-14010
-10279
 -6393
 -2411
  1607
  5601
  9511
 13278
 16845
 20159
 23169
 25831
 28105
 29955
 31356
 32284
 32727
 32678
 32137
 31113
 29621
 27683
 25329
 22594
 19519
 16150
 12539
  8739
  4807
   804
 -3212
 -7180
-11039
-14733
-18205
-21403
-24279
-26790
-28898
-30572
-31786
-32521
-32767
-32521
-31786
-30572
-28898
-26790
-24279
-21403
-18205
-14733
-11039
 -7180
 -3212
   804
  4807
  8739
 12539
 16150
 19519
 22594
 25329
 27683
 29621
 31113
 32137
 32678
 32727
 32284
 31356
 29955
 28105
 25831
 23169
 20159
 16845
 13278
  9511
  5601
  1607
 -2411
 -6393
-10279
-14010
-17531
-20788
-23732
-26319
-28511
-30273
-31581
-32413
-32758
-32610
-31971
-30852
-29269
-27245
-24812
-22005
-18868
-15447
-11793
 -7962
 -4012
    -1
  4011
  7961
 11792
 15446
 18867
 22004
 24811
 27244
 29268
 30851
 31970
 32609
 32757
 32412
 31580
 30272
 28510
 26318
 23731
 20787
 17530
 14009
 10278
  6392
  2410
 -1608
 -5602
 -9512
-13279
-16846
-20160
-23170
-25832
-28106
-29956
-31357
-32285
-32728
-32679
-32138
-31114
-29622
-27684
-25330
-22595
-19520
-16151
-12540
 -8740
 -4808
  -805
  3211
  7179
 11038
 14732
 18204
 21402
 24278
 26789
 28897
 30571
 31785
 32520
 32767
 32520
 31785
 30571
 28897
 26789
 24278
 21402
 18204
 14732
 11038
  7179
  3211
  -805
 -4808
 -8740
-12540
-16151
-19520
-22595
-25330
-27684
-29622
-31114
-32138
-32679
-32728
-32285
-31357
-29956
-28106
-25832
-23170
-20160
-16846
-13279
 -9512
 -5602
 -1608
  2410
  6392
 10278
 14009
 17530
 20787
 23731
 26318
 28510
 30272
 31580
 32412
 32757
 32609
 31970
 30851
 29268
 27244
 24811
 22004
 18867
 15446
 11792
  7961
  4011
     0
 -4012
 -7962
-11793
-15447
-18868
-22005
-24812
-27245
-29269
-30852
-31971
-32610
-32758
-32413
-31581
-30273
-28511
-26319
-23732
-20788
-17531
-14010
-10279
 -6393
 -2411
  1607
  5601
  9511
 13278
 16845
 20159
 23169
 25831
 28105
 29955
 31356
 32284
 32727
 32678
 32137
 31113
 29621
 27683
 25329
 22594
 19519
 16150
 12539
  8739
  4807
   804
 -3212
 -7180
-11039
-14733
-18205
-21403
-24279
-26790
-28898
-30572
-31786
-32521
-32767
-32521
-31786
-30572
-28898
-26790
-24279
-21403
-18205
-14733
-11039
 -7180
 -3212
   804
  4807
  8739
 12539
 16150
 19519
 22594
 25329
 27683
 29621
 31113
 32137
 32678
 32727
 32284
 31356
 29955
 28105
 25831
 23169
 20159
 16845
 13278
  9511
  5601
  1607
 -2411
 -6393
-10279
-14010
-17531
-20788
-23732
-26319
-28511
-30273
-31581
-32413
-32758
-32610
-31971
-30852
-29269
-27245
-24812
-22005
-18868
-15447
-11793
 -7962
 -4012
    -1
  4011
  7961
 11792
 15446
 18867
 22004
 24811
 27244
 29268
 30851
 31970
 32609
 32757
 32412
 31580
 30272
 28510
 26318
 23731
 20787
 17530
 14009
 10278
  6392
  2410
 -1608
 -5602
 -9512
-13279
-16846
-20160
-23170
-25832
-28106
-29956
-31357
-32285
-32728
-32679
-32138
-31114
-29622
-27684
-25330
-22595
-19520
-16151
-12540
 -8740
 -4808
  -805
  3211
  7179
 11038
 14732
 18204
 21402
 24278
 26789
 28897
 30571
 31785
 32520
 32767
 32520
 31785
 30571
 28897
 26789
 24278
 21402
 18204
 14732
 11038
  7179
  3211
  -805
 -4808
 -8740
-12540
-16151
-19520
-22595
-25330
-27684
-29622
-31114
-32138
-32679
-32728
-32285
-31357
-29956
-28106
-25832
-23170
-20160
-16846
-13279
 -9512
 -5602
 -1608
  2410
  6392
 10278
 14009
 17530
 20787
 23731
 26318
 28510
 30272
 31580
 32412
 32757
 32609
 31970
 30851
 29268
 27244
 24811
 22004
 18867
 15446
 11792
  7961
  4011
     0
 -4012
 -7962
-11793
-15447
-18868
-22005
-24812
-27245
-29269
-30852
-31971
-32610
-32758
-32413
-31581
-30273
-28511
-26319
-23732
-20788
-17531
-14010
-10279
 -6393
 -2411
  1607
  5601
  9511
 13278
 16845
 20159
 23169
 25831
 28105
 29955
 31356
 32284
 32727
 32678
 32137
 31113
 29621
 27683
 25329
 22594
 19519
 16150
 12539
  8739
  4807
   804
 -3212
 -7180
-11039
-14733
-18205
-21403
-24279
-26790
-28898
-30572
-31786
-32521
-32767
-32521
-31786
-30572
-28898
-26790
-24279
-21403
-18205
-14733
-11039
 -7180
 -3212
   804
  4807
  8739
 12539
 16150
 19519
 22594
 25329
 27683
 29621
 31113
 32137
 32678
 32727
 32284
 31356
 29955
 28105
 25831
 23169
 20159
 16845
 13278
  9511
  5601
  1607
 -2411
 -6393
-10279
-14010
-17531
-20788
-23732
-26319
-28511
-30273
-31581
-32413
-32758
-32610
-31971
-30852
-29269
-27245
-24812
-22005
-18868
-15447
-11793
 -7962
 -4012
    -1
  4011
  7961
 11792
 15446
 18867
 22004
 24811
 27244
 29268
 30851
 31970
 32609
 32757
 32412
 31580
 30272
 28510
 26318
 23731
 20787
 17530
 14009
 10278
  6392
  2410
 -1608
 -5602
 -9512
-13279
-16846
-20160
-23170
-25832
-28106
-29956
-31357
-32285
-32728
-32679
-32138
-31114
-29622
-27684
-25330
-22595
-19520
-16151
-12540
 -8740
 -4808
  -805
  3211
  7179
 11038
 14732
 18204
 21402
 24278
 26789
 28897
 30571
 31785
 32520
 32767
 32520
 31785
 30571
 28897
 26789
 24278
 21402
 18204
 14732
 11038
  7179
  3211
  -805
 -4808
 -8740
-12540
-16151
-19520
-22595
-25330
-27684
-29622
-31114
-32138
-32679
-32728
-32285
-31357
-29956
-28106
-25832
-23170
-20160
-16846
-13279
 -9512
 -5602
 -1608
  2410
  6392
 10278
 14009
 17530
 20787
 23731
 26318
 28510
 30272
 31580
 32412
 32757
 32609
 31970
 30851
 29268
 27244
 24811
 22004
 18867
 15446
 11792
  7961
  4011
     0
 -4012
 -7962
-11793
-15447
-18868
-22005
-24812
-27245
-29269
-30852
-31971
-32610
-32758
-32413
-31581
-30273
-28511
-26319
-23732
-20788
-17531
-14010
-10279
 -6393
 -2411
  1607
  5601
  9511
 13278
 16845
 20159
 23169
 25831
 28105
 29955
 31356
 32284
 32727
 32678
 32137
 31113
 29621
 27683
 25329
 22594
 19519
 16150
 12539
  8739
  4807
   804
 -3212
 -7180
-11039
-14733
-18205
-21403
-24279
-26790
-28898
-30572
-31786
-32521
-32767
-32521
-31786
-30572
-28898
-26790
-24279
-21403
-18205
-14733
-11039
 -7180
 -3212
   804
  4807
  8739
 12539
 16150
 19519
 22594
 25329
 27683
 29621
 31113
 32137
 32678
 32727
 32284
 31356
 29955
 28105
 25831
 23169
 20159
 16845
 13278
  9511
  5601
  1607
 -2411
 -6393
-10279
-14010
-17531
-20788
-23732
-26319
-28511
-30273
-31581
-32413
-32758
-32610
-31971
-30852
-29269
-27245
-24812
-22005
-18868
-15447
-11793
 -7962
 -4012
    -1
  4011
  7961
 11792
 15446
 18867
 22004
 24811
 27244
 29268
 30851
 31970
 32609
 32757
 32412
 31580
 30272
 28510
 26318
 23731
 20787
 17530
 14009
 10278
  6392
  2410
 -1608
 -5602
 -9512
-13279
-16846
-20160
-23170
-25832
-28106
-29956
-31357
-32285
-32728
-32679
-32138
-31114
-29622
-27684
-25330
-22595
-19520
-16151
-12540
 -8740
 -4808
  -805
  3211
  7179
 11038
 14732
 18204
 21402
 24278
 26789
 28897
 30571
 31785
 32520
 32767
 32520
 31785
 30571
 28897
 26789
 24278
 21402
 18204
 14732
 11038
  7179
  3211
  -805
 -4808
 -8740
-12540
-16151
-19520
-22595
-25330
-27684
-29622
-31114
-32138
-32679
-32728
-32285
-31357
-29956
-28106
-25832
-23170
-20160
-16846
-13279
 -9512
 -5602
 -1608
  2410
  6392
 10278
 14009
 17530
 20787
 23731
 26318
 28510
 30272
 31580
 32412
 32757
 32609
 31970
 30851
 29268
 27244
 24811
 22004
 18867
 15446
 11792
  7961
  4011
     0
 -4012
 -7962
-11793
-15447
-18868
-22005
-24812
-27245
-29269
-30852
-31971
-32610
-32758
-32413
-31581
-30273
-28511
-26319
-23732
-20788
-17531
-14010
-10279
 -6393
 -2411
  1607
  5601
  9511
 13278
 16845
 20159
 23169
 25831
 28105
 29955
 31356
 32284
 32727
 32678
 32137
 31113
 29621
 27683
 25329
 22594
 19519
 16150
 12539
  8739
  4807
   804
 -3212
 -7180
-11039
-14733
-18205
-21403
-24279
-26790
-28898
-30572
-31786
-32521
-32767
-32521
-31786
-30572
-28898
-26790
-24279
-21403
-18205
-14733
-11039
 -7180
 -3212
   804
  4807
  8739
 12539
 16150
 19519
 22594
 25329
 27683
 29621
 31113
 32137
 32678
 32727
 32284
 31356
 29955
 28105
 25831
 23169
 20159
 16845
 13278
  9511
  5601
  1607
 -2411
 -6393
-10279
-14010
-17531
-20788
-23732
-26319
-28511
-30273
-31581
-32413
-32758
-32610
-31971
-30852
-29269
-27245
-24812
-22005
-18868
-15447
-11793
 -7962
 -4012
    -1
  4011
  7961
 11792
 15446
 18867
 22004
 24811
 27244
 29268
 30851
 31970
 32609
 32757
 32412
 31580
 30272
 28510
 26318
 23731
 20787
 17530
 14009
 10278
  6392
  2410
 -1608
 -5602
 -9512
-13279
-16846
-20160
-23170
-25832
-28106
-29956
-31357
-32285
-32728
-32679
-32138
-31114
-29622
-27684
-25330
-22595
-19520
-16151
-12540
 -8740
 -4808
  -805
  3211
  7179
 11038
 14732
 18204
 21402
 24278
 26789
 28897
 30571
 31785
 32520
 32767
 32520
 31785
 30571
 28897
 26789
 24278
 21402
 18204
 14732
 11038
  7179
  3211
  -805
 -4808
 -8740
-12540
-16151
-19520
-22595
-25330
-27684
-29622
-31114
-32138
-32679
-32728
-32285
-31357
-29956
-28106
-25832
-23170
-20160
-16846
-13279
 -9512
 -5602
 -1608
  2410
  6392
 10278
 14009
 17530
 20787
 23731
 26318
 28510
 30272
 31580
 32412
 32757
 32609
 31970
 30851
 29268
 27244
 24811
 22004
 18867
 15446
 11792
  7961
  4011
     0
 -4012
 -7962
-11793
-15447
-18868
-22005
-24812
-27245
-29269
-30852
-31971
-32610
-32758
-32413
-31581
-30273
-28511
-26319
-23732
-20788
-17531
-14010
-10279
 -6393
 -2411
  1607
  5601
  9511
 13278
 16845
 20159
 23169
 25831
 28105
 29955
 31356
 32284
 32727
 32678
 32137
 31113
 29621
 27683
 25329
 22594
 19519
 16150
 12539
  8739
  4807
   804
 -3212
 -7180
-11039
-14733
-18205
-21403
-24279
-26790
-28898
-30572
-31786
-32521
-32767
-32521
-31786
-30572
-28898
-26790
-24279
-21403
-18205
-14733
-11039
 -7180
 -3212
   804
  4807
  8739
 12539
 16150
 19519
 22594
 25329
 27683
 29621
 31113
 32137
 32678
 32727
 32284
 31356
 29955
 28105
 25831
 23169
 20159
 16845
 13278
  9511
  5601
  1607
 -2411
 -6393
-10279
-14010
-17531
-20788
-23732
-26319
-28511
-30273
-31581
-32413
-32758
-32610
-31971
-30852
-29269
-27245
-24812
-22005
-18868
-15447
-11793
 -7962
 -4012
    -1
  4011
  7961
 11792
 15446
 18867
 22004
 24811
 27244
 29268
 30851
 31970
 32609
 32757
 32412
 31580
 30272
 28510
 26318
 23731
 20787
 17530
 14009
 10278
  6392
  2410
 -1608
 -5602
 -9512
-13279
-16846
-20160
-23170
-25832
-28106
-29956
-31357
-32285
-32728
-32679
-32138
-31114
-29622
-27684
-25330
-22595
-19520
-16151
-12540
 -8740
 -4808
  -805
  3211
  7179
 11038
 14732
 18204
 21402
 24278
 26789
 28897
 30571
 31785
 32520
 32767
 32520
 31785
 30571
 28897
 26789
 24278
 21402
 18204
 14732
 11038
  7179
  3211
  -805
 -4808
 -8740
-12540
-16151
-19520
-22595
-25330
-27684
-29622
-31114
-32138
-32679
-32728
-32285
-31357
-29956
-28106
-25832
-23170
-20160
-16846
-13279
 -9512
 -5602
 -1608
  2410
  6392
 10278
 14009
 17530
 20787
 23731
 26318
 28510
 30272
 31580
 32412
 32757
 32609
 31970
 30851
 29268
 27244
 24811
 22004
 18867
 15446
 11792
  7961
  4011
     0
 -4012
 -7962
-11793
-15447
-18868
-22005
-24812
-27245
-29269
-30852
-31971
-32610
-32758
-32413
-31581
-30273
-28511
-26319
-23732
-20788
-17531
-14010
-10279
 -6393
 -2411
  1607
  5601
  9511
 13278
 16845
 20159
 23169
 25831
 28105
 29955
 31356
 32284
 32727
 32678
 32137
 31113
 29621
 27683
 25329
 22594
 19519
 16150
 12539
  8739
  4807
   804
 -3212
 -7180
-11039
-14733
-18205
-21403
-24279
-26790
-28898
-30572
-31786
-32521
-32767
-32521
-31786
-30572
-28898
-26790
-24279
-21403
-18205
-14733
-11039
 -7180
 -3212
   804
  4807
  8739
 12539
 16150
 19519
 22594
 25329
 27683
 29621
 31113
 32137
 32678
 32727
 32284
 31356
 29955
 28105
 25831
 23169
 20159
 16845
 13278
  9511
  5601
  1607
 -2411
 -6393
-10279
-14010
-17531
-20788
-23732
-26319
-28511
-30273
-31581
-32413
-32758
-32610
-31971
-30852
-29269
-27245
-24812
-22005
-18868
-15447
-11793
 -7962
 -4012
    -1
  4011
  7961
 11792
 15446
 18867
 22004
 24811
 27244
 29268
 30851
 31970
 32609
 32757
 32412
 31580
 30272
 28510
 26318
 23731
 20787
 17530
 14009
 10278
  6392
  2410
 -1608
 -5602
 -9512
-13279
-16846
-20160
-23170
-25832
-28106
-29956
-31357
-32285
-32728
-32679
-32138
-31114
-29622
-27684
-25330
-22595
-19520
-16151
-12540
 -8740
 -4808
  -805
  3211
  7179
 11038
 14732
 18204
 21402
 24278
 26789
 28897
 30571
 31785
 32520
 32767
 32520
 31785
 30571
 28897
 26789
 24278
 21402
 18204
 14732
 11038
  7179
  3211
  -805
 -4808
 -8740
-12540
-16151
-19520
-22595
-25330
-27684
-29622
-31114
-32138
-32679
-32728
-32285
-31357
-29956
-28106
-25832
-23170
-20160
-16846
-13279
 -9512
 -5602
 -1608
  2410
  6392
 10278
 14009
 17530
 20787
 23731
 26318
 28510
 30272
 31580
 32412
 32757
 32609
 31970
 30851
 29268
 27244
 24811
 22004
 18867
 15446
 11792
  7961
  4011
     0
 -4012
 -7962
-11793
-15447
-18868
-22005
-24812
-27245
-29269
-30852
-31971
-32610
-32758
-32413
-31581
-30273
-28511
-26319
-23732
-20788
-17531
-14010
-10279
 -6393
 -2411
  1607
  5601
  9511
 13278
 16845
 20159
 23169
 25831
 28105
 29955
 31356
 32284
 32727
 32678
 32137
 31113
 29621
 27683
 25329
 22594
 19519
 16150
 12539
  8739
  4807
   804
 -3212
 -7180
-11039
-14733
-18205
-21403
-24279
-26790
-28898
-30572
-31786
-32521
-32767
-32521
-31786
-30572
-28898
-26790
-24279
-21403
-18205
-14733
-11039
 -7180
 -3212
   804
  4807
  8739
 12539
 16150
 19519
 22594
 25329
 27683
 29621
 31113
 32137
 32678
 32727
 32284
 31356
 29955
 28105
 25831
 23169
 20159
 16845
 13278
  9511
  5601
  1607
 -2411
 -6393
-10279
-14010
-17531
-20788
-23732
-26319
-28511
-30273
-31581
-32413
-32758
-32610
-31971
-30852
-29269
-27245
-24812
-22005
-18868
-15447
-11793
 -7962
 -4012
    -1
  4011
  7961
 11792
 15446
 18867
 22004
 24811
 27244
 29268
 30851
 31970
 32609
 32757
 32412
 31580
 30272
 28510
 26318
 23731
 20787
 17530
 14009
 10278
  6392
  2410
 -1608
 -5602
 -9512
-13279
-16846
-20160
-23170
-25832
-28106
-29956
-31357
-32285
-32728
-32679
-32138
-31114
-29622
-27684
-25330
-22595
-19520
-16151
-12540
 -8740
 -4808
  -805
  3211
  7179
 11038
 14732
 18204
 21402
 24278
 26789
 28897
 30571
 31785
 32520
 32767
 32520
 31785
 30571
 28897
 26789
 24278
 21402
 18204
 14732
 11038
  7179
  3211
  -805
 -4808
 -8740
-12540
-16151
-19520
-22595
-25330
-27684
-29622
-31114
-32138
-32679
-32728
-32285
-31357
-29956
-28106
-25832
-23170
-20160
-16846
-13279
 -9512
 -5602
 -1608
  2410
  6392
 10278
 14009
 17530
 20787
 23731
 26318
 28510
 30272
 31580
 32412
 32757
 32609
 31970
 30851
 29268
 27244
 24811
 22004
 18867
 15446
 11792
  7961
  4011
     0
 -4012
 -7962
-11793
-15447
-18868
-22005
-24812
-27245
-29269
-30852
-31971
-32610
-32758
-32413
-31581
-30273
-28511
-26319
-23732
-20788
-17531
-14010
-10279
 -6393
 -2411
  1607
  5601
  9511
 13278
 16845
 20159
 23169
 25831
 28105
 29955
 31356
 32284
 32727
 32678
 32137
 31113
 29621
 27683
 25329
 22594
 19519
 16150
 12539
  8739
  4807
   804
 -3212
 -7180
-11039
-14733
-18205
-21403
-24279
-26790
-28898
-30572
-31786
-32521
-32767
-32521
-31786
-30572
-28898
-26790
-24279
-21403
-18205
-14733
-11039
 -7180
 -3212
   804
  4807
  8739
 12539
 16150
 19519
 22594
 25329
 27683
 29621
 31113
 32137
 32678
 32727
 32284
 31356
 29955
 28105
 25831
 23169
 20159
 16845
 13278
  9511
  5601
  1607
 -2411
 -6393
-10279
-14010
-17531
-20788
-23732
-26319
-28511
-30273
-31581
-32413
-32758
-32610
-31971
-30852
-29269
-27245
-24812
-22005
-18868
-15447
-11793
 -7962
 -4012
    -1
  4011
  7961
 11792
 15446
 18867
 22004
 24811
 27244
 29268
 30851
 31970
 32609
 32757
 32412
 31580
 30272
 28510
 26318
 23731
 20787
 17530
 14009
 10278
  6392
  2410
 -1608
 -5602
 -9512
-13279
-16846
-20160
-23170
-25832
-28106
-29956
-31357
-32285
-32728
-32679
-32138
-31114
-29622
-27684
-25330
-22595
-19520
-16151
-12540
 -8740
 -4808
  -805
  3211
  7179
 11038
 14732
 18204
 21402
 24278
 26789
 28897
 30571
 31785
 32520
 32767
 32520
 31785
 30571
 28897
 26789
 24278
 21402
 18204
 14732
 11038
  7179
  3211
  -805
 -4808
 -8740
-12540
-16151
-19520
-22595
-25330
-27684
-29622
-31114
-32138
-32679
-32728
-32285
-31357
-29956
-28106
-25832
-23170
-20160
-16846
-13279
 -9512
 -5602
 -1608
  2410
  6392
 10278
 14009
 17530
 20787
 23731
 26318
 28510
 30272
 31580
 32412
 32757
 32609
 31970
 30851
 29268
 27244
 24811
 22004
 18867
 15446
 11792
  7961
  4011
     0
 -4012
 -7962
-11793
-15447
-18868
-22005
-24812
-27245
-29269
-30852
-31971
-32610
-32758
-32413
-31581
-30273
-28511
-26319
-23732
-20788
-17531
-14010
-10279
 -6393
 -2411
  1607
  5601
  9511
 13278
 16845
 20159
 23169
 25831
 28105
 29955
 31356
 32284
 32727
 32678
 32137
 31113
 29621
 27683
 25329
 22594
 19519
 16150
 12539
  8739
  4807
   804
 -3212
 -7180
-11039
-14733
-18205
-21403
-24279
-26790
-28898
-30572
-31786
-32521
-32767
-32521
-31786
-30572
-28898
-26790
-24279
-21403
-18205
-14733
-11039
 -7180
 -3212
   804
  4807
  8739
 12539
 16150
 19519
 22594
 25329
 27683
 29621
 31113
 32137
 32678
 32727
 32284
 31356
 29955
 28105
 25831
 23169
 20159
 16845
 13278
  9511
  5601
  1607
 -2411
 -6393
-10279
-14010
-17531
-20788
-23732
-26319
-28511
-30273
-31581
-32413
-32758
-32610
-31971
-30852
-29269
-27245
-24812
-22005
-18868
-15447
-11793
 -7962
 -4012
    -1
  4011
  7961
 11792
 15446
 18867
 22004
 24811
 27244
 29268
 30851
 31970
 32609
 32757
 32412
 31580
 30272
 28510
 26318
 23731
 20787
 17530
 14009
 10278
  6392
  2410
 -1608
 -5602
 -9512
-13279
-16846
-20160
-23170
-25832
-28106
-29956
-31357
-32285
-32728
-32679
-32138
-31114
-29622
-27684
-25330
-22595
-19520
-16151
-12540
 -8740
 -4808
  -805
  3211
  7179
 11038
 14732
 18204
 21402
 24278
 26789
 28897
 30571
 31785
 32520
 32767
 32520
 31785
 30571
 28897
 26789
 24278
 21402
 18204
 14732
 11038
  7179
  3211
  -805
 -4808
 -8740
-12540
-16151
-19520
-22595
-25330
-27684
-29622
-31114
-32138
-32679
-32728
-32285
-31357
-29956
-28106
-25832
-23170
-20160
-16846
-13279
 -9512
 -5602
 -1608
  2410
  6392
 10278
 14009
 17530
 20787
 23731
 26318
 28510
 30272
 31580
 32412
 32757
 32609
 31970
 30851
 29268
 27244
 24811
 22004
 18867
 15446
 11792
  7961
  4011
     0
 -4012
 -7962
-11793
-15447
-18868
-22005
-24812
-27245
-29269
-30852
-31971
-32610
-32758
-32413
-31581
-30273
-28511
-26319
-23732
-20788
-17531
-14010
-10279
 -6393
 -2411
  1607
  5601
  9511
 13278
 16845
 20159
 23169
 25831
 28105
 29955
 31356
 32284
 32727
 32678
 32137
 31113
 29621
 27683
 25329
 22594
 19519
 16150
 12539
  8739
  4807
   804
 -3212
 -7180
-11039
-14733
-18205
-21403
-24279
-26790
-28898
-30572
-31786
-32521
-32767
-32521
-31786
-30572
-28898
-26790
-24279
-21403
-18205
-14733
-11039
 -7180
 -3212
   804
  4807
  8739
 12539
 16150
 19519
 22594
 25329
 27683
 29621
 31113
 32137
 32678
 32727
 32284
 31356
 29955
 28105
 25831
 23169
 20159
 16845
 13278
  9511
  5601
  1607
 -2411
 -6393
-10279
-14010
-17531
-20788
-23732
-26319
-28511
-30273
-31581
-32413
-32758
-32610
-31971
-30852
-29269
-27245
-24812
-22005
-18868
-15447
-11793
 -7962
 -4012
    -1
  4011
  7961
 11792
 15446
 18867
 22004
 24811
 27244
 29268
 30851
 31970
 32609
 32757
 32412
 31580
 30272
 28510
 26318
 23731
 20787
 17530
 14009
 10278
  6392
  2410
 -1608
 -5602
 -9512
-13279
-16846
-20160
-23170
-25832
-28106
-29956
-31357
-32285
-32728
-32679
-32138
-31114
-29622
-27684
-25330
-22595
-19520
-16151
-12540
 -8740
 -4808
  -805
  3211
  7179
 11038
 14732
 18204
 21402
 24278
 26789
 28897
 30571
 31785
 32520
 32767
 32520
 31785
 30571
 28897
 26789
 24278
 21402
 18204
 14732
 11038
  7179
  3211
  -805
 -4808
 -8740
-12540
-16151
-19520
-22595
-25330
-27684
-29622
-31114
-32138
-32679
-32728
-32285
-31357
-29956
-28106
-25832
-23170
-20160
-16846
-13279
 -9512
 -5602
 -1608
  2410
  6392
 10278
 14009
 17530
 20787
 23731
 26318
 28510
 30272
 31580
 32412
 32757
 32609
 31970
 30851
 29268
 27244
 24811
 22004
 18867
 15446
 11792
  7961
  4011
     0
 -4012
 -7962
-11793
-15447
-18868
-22005
-24812
-27245
-29269
-30852
-31971
-32610
-32758
-32413
-31581
-30273
-28511
-26319
-23732
-20788
-17531
-14010
-10279
 -6393
 -2411
  1607
  5601
  9511
 13278
 16845
 20159
 23169
 25831
 28105
 29955
 31356
 32284
 32727
 32678
 32137
 31113
 29621
 27683
 25329
 22594
 19519
 16150
 12539
  8739
  4807
   804
 -3212
 -7180
-11039
-14733
-18205
-21403
-24279
-26790
-28898
-30572
-31786
-32521
-32767
-32521
-31786
-30572
-28898
-26790
-24279
-21403
-18205
-14733
-11039
 -7180
 -3212
   804
  4807
  8739
 12539
 16150
 19519
 22594
 25329
 27683
 29621
 31113
 32137
 32678
 32727
 32284
 31356
 29955
 28105
 25831
 23169
 20159
 16845
 13278
  9511
  5601
  1607
 -2411
 -6393
-10279
-14010
-17531
-20788
-23732
-26319
-28511
-30273
-31581
-32413
-32758
-32610
-31971
-30852
-29269
-27245
-24812
-22005
-18868
-15447
-11793
 -7962
 -4012
    -1
  4011
  7961
 11792
 15446
 18867
 22004
 24811
 27244
 29268
 30851
 31970
 32609
 32757
 32412
 31580
 30272
 28510
 26318
 23731
 20787
 17530
 14009
 10278
  6392
  2410
 -1608
 -5602
 -9512
-13279
-16846
-20160
-23170
-25832
-28106
-29956
-31357
-32285
-32728
-32679
-32138
-31114
-29622
-27684
-25330
-22595
-19520
-16151
-12540
 -8740
 -4808
  -805
  3211
  7179
 11038
 14732
 18204
 21402
 24278
 26789
 28897
 30571
 31785
 32520
 32767
 32520
 31785
 30571
 28897
 26789
 24278
 21402
 18204
 14732
 11038
  7179
  3211
  -805
 -4808
 -8740
-12540
-16151
-19520
-22595
-25330
-27684
-29622
-31114
-32138
-32679
-32728
-32285
-31357
-29956
-28106
-25832
-23170
-20160
-16846
-13279
 -9512
 -5602
 -1608
  2410
  6392
 10278
 14009
 17530
 20787
 23731
 26318
 28510
 30272
 31580
 32412
 32757
 32609
 31970
 30851
 29268
 27244
 24811
 22004
 18867
 15446
 11792
  7961
  4011
     0
 -4012
 -7962
-11793
-15447
-18868
-22005
-24812
-27245
-29269
-30852
-31971
-32610
-32758
-32413
-31581
-30273
-28511
-26319
-23732
-20788
-17531
-14010
-10279
 -6393
 -2411
  1607
  5601
  9511
 13278
 16845
 20159
 23169
 25831
 28105
 29955
 31356
 32284
 32727
 32678
 32137
 31113
 29621
 27683
 25329
 22594
 19519
 16150
 12539
  8739
  4807
   804
 -3212
 -7180
-11039
-14733
-18205
-21403
-24279
-26790
-28898
-30572
-31786
-32521
-32767
-32521
-31786
-30572
-28898
-26790
-24279
-21403
-18205
-14733
-11039
 -7180
 -3212
   804
  4807
  8739
 12539
 16150
 19519
 22594
 25329
 27683
 29621
 31113
 32137
 32678
 32727
 32284
 31356
 29955
 28105
 25831
 23169
 20159
 16845
 13278
  9511
  5601
  1607
 -2411
 -6393
-10279
-14010
-17531
-20788
-23732
-26319
-28511
-30273
-31581
-32413
-32758
-32610
-31971
-30852
-29269
-27245
-24812
-22005
-18868
-15447
-11793
 -7962
 -4012
    -1
  4011
  7961
 11792
 15446
 18867
 22004
 24811
 27244
 29268
 30851
 31970
 32609
 32757
 32412
 31580
 30272
 28510
 26318
 23731
 20787
 17530
 14009
 10278
  6392
  2410
 -1608
 -5602
 -9512
-13279
-16846
-20160
-23170
-25832
-28106
-29956
-31357
-32285
-32728
-32679
-32138
-31114
-29622
-27684
-25330
-22595
-19520
-16151
-12540
 -8740
 -4808
  -805
  3211
  7179
 11038
 14732
 18204
 21402
 24278
 26789
 28897
 30571
 31785
 32520
 32767
 32520
 31785
 30571
 28897
 26789
 24278
 21402
 18204
 14732
 11038
  7179
  3211
  -805
 -4808
 -8740
-12540
-16151
-19520
-22595
-25330
-27684
-29622
-31114
-32138
-32679
-32728
-32285
-31357
-29956
-28106
-25832
-23170
-20160
-16846
-13279
 -9512
 -5602
 -1608
  2410
  6392
 10278
 14009
 17530
 20787
 23731
 26318
 28510
 30272
 31580
 32412
 32757
 32609
 31970
 30851
 29268
 27244
 24811
 22004
 18867
 15446
 11792
  7961
  4011
     0
 -4012
 -7962
-11793
-15447
-18868
-22005
-24812
-27245
-29269
-30852
-31971
-32610
-32758
-32413
-31581
-30273
-28511
-26319
-23732
-20788
-17531
-14010
-10279
 -6393
 -2411
  1607
  5601
  9511
 13278
 16845
 20159
 23169
 25831
 28105
 29955
 31356
 32284
 32727
 32678
 32137
 31113
 29621
 27683
 25329
 22594
 19519
 16150
 12539
  8739
  4807
   804
 -3212
 -7180
-11039
-14733
-18205
-21403
-24279
-26790
-28898
-30572
-31786
-32521
-32767
-32521
-31786
-30572
-28898
-26790
-24279
-21403
-18205
-14733
-11039
 -7180
 -3212
   804
  4807
  8739
 12539
 16150
 19519
 22594
 25329
 27683
 29621
 31113
 32137
 32678
 32727
 32284
 31356
 29955
 28105
 25831
 23169
 20159
 16845
 13278
  9511
  5601
  1607
 -2411
 -6393
-10279
-14010
-17531
-20788
-23732
-26319
-28511
-30273
-31581
-32413
-32758
-32610
-31971
-30852
-29269
-27245
-24812
-22005
-18868
-15447
-11793
 -7962
 -4012
    -1
  4011
  7961
 11792
 15446
 18867
 22004
 24811
 27244
 29268
 30851
 31970
 32609
 32757
 32412
 31580
 30272
 28510
 26318
 23731
 20787
 17530
 14009
 10278
  6392
  2410
 -1608
 -5602
 -9512
-13279
-16846
-20160
-23170
-25832
-28106
-29956
-31357
-32285
-32728
-32679
-32138
-31114
-29622
-27684
-25330
-22595
-19520
-16151
-12540
 -8740
 -4808
  -805
  3211
  7179
 11038
 14732
 18204
 21402
 24278
 26789
 28897
 30571
 31785
 32520
 32767
 32520
 31785
 30571
 28897
 26789
 24278
 21402
 18204
 14732
 11038
  7179
  3211
  -805
 -4808
 -8740
-12540
-16151
-19520
-22595
-25330
-27684
-29622
-31114
-32138
-32679
-32728
-32285
-31357
-29956
-28106
-25832
-23170
-20160
-16846
-13279
 -9512
 -5602
 -1608
  2410
  6392
 10278
 14009
 17530
 20787
 23731
 26318
 28510
 30272
 31580
 32412
 32757
 32609
 31970
 30851
 29268
 27244
 24811
 22004
 18867
 15446
 11792
  7961
  4011
     0
 -4012
 -7962
-11793
-15447
-18868
-22005
-24812
-27245
-29269
-30852
-31971
-32610
-32758
-32413
-31581
-30273
-28511
-26319
-23732
-20788
-17531
-14010
-10279
 -6393
 -2411
  1607
  5601
  9511
 13278
 16845
 20159
 23169
 25831
 28105
 29955
 31356
 32284
 32727
 32678
 32137
 31113
 29621
 27683
 25329
 22594
 19519
 16150
 12539
  8739
  4807
   804
 -3212
 -7180
-11039
-14733
-18205
-21403
-24279
-26790
-28898
-30572
-31786
-32521
-32767
-32521
-31786
-30572
-28898
-26790
-24279
-21403
-18205
-14733
-11039
 -7180
 -3212
   804
  4807
  8739
 12539
 16150
 19519
 22594
 25329
 27683
 29621
 31113
 32137
 32678
 32727
 32284
 31356
 29955
 28105
 25831
 23169
 20159
 16845
 13278
  9511
  5601
  1607
 -2411
 -6393
-10279
-14010
-17531
-20788
-23732
-26319
-28511
-30273
-31581
-32413
-32758
-32610
-31971
-30852
-29269
-27245
-24812
-22005
-18868
-15447
-11793
 -7962
 -4012
    -1
  4011
  7961
 11792
 15446
 18867
 22004
 24811
 27244
 29268
 30851
 31970
 32609
 32757
 32412
 31580
 30272
 28510
 26318
 23731
 20787
 17530
 14009
 10278
  6392
  2410
 -1608
 -5602
 -9512
-13279
-16846
-20160
-23170
-25832
-28106
-29956
-31357
-32285
-32728
-32679
-32138
-31114
-29622
-27684
-25330
-22595
-19520
-16151
-12540
 -8740
 -4808
  -805
  3211
  7179
 11038
 14732
 18204
 21402
 24278
 26789
 28897
 30571
 31785
 32520
 32767
 32520
 31785
 30571
 28897
 26789
 24278
 21402
 18204
 14732
 11038
  7179
  3211
  -805
 -4808
 -8740
-12540
