-22903
-19995
-16787
-13326
 -9664
 -5858
 -1964
  1961
  5856
  9662
 13324
 16785
 19993
 22901
 25465
 27645
 29409
 30731
 31591
 31976
 31880
 31304
 30257
 28755
 26821
 24483
 21778
 18744
 15428
 11881
  8154
  4305
   392
 -3528
 -7394
-11150
-14737
-18104
-21197
-23972
-26387
-28404
-29994
-31134
-31804
-31997
-31709
-30943
-29712
-28034
-25935
-23445
-20603
-17451
-14036
-10411
 -6628
 -2746
  1176
  5082
  8911
 12606
 16112
 19375
 22346
 24981
 27241
 29091
 30504
 31457
 31938
 31938
 31457
 30504
 29091
 27241
 24981
 22346
 19375
 16112
 12606
  8911
  5082
  1176
 -2746
 -6628
-10411
-14036
-17451
-20603
-23445
-25935
-28034
-29712
-30943
-31709
-31997
-31804
-31134
-29994
-28404
-26387
-23972
-21197
-18104
-14737
-11150
 -7394
 -3528
   392
  4305
  8154
 11881
 15428
 18744
 21778
 24483
 26821
 28755
 30257
 31304
 31880
 31976
 31591
 30731
 29409
 27645
 25465
 22901
 19993
 16785
 13324
  9662
  5856
  1962
 -1963
 -5858
 -9664
-13326
-16787
-19995
-22903
-25467
-27647
-29411
-30733
-31593
-31978
-31882
-31306
-30259
-28757
-26823
-24485
-21779
-18746
-15430
-11883
 -8156
 -4307
  -394
  3526
  7392
 11148
 14735
 18102
 21195
 23970
 26385
 28402
 29992
 31132
 31802
 31995
 31707
 30941
 29710
 28032
 25933
 23443
 20601
 17449
 14034
 10409
  6626
  2744
 -1178
 -5084
 -8913
-12608
-16114
-19377
-22348
-24983
-27243
-29093
-30506
-31459
-31939
-31939
-31459
-30506
-29093
-27243
-24983
-22348
-19377
-16114
-12608
 -8913
 -5084
 -1178
  2744
  6626
 10409
 14034
 17449
 20601
 23443
 25933
 28032
 29710
 30941
 31707
 31995
 31802
 31132
 29992
 28402
 26385
 23970
 21195
 18102
 14735
 11148
  7392
  3526
  -394
 -4307
 -8156
-11883
-15430
-18746
-21779
-24485
-26823
-28757
-30259
-31306
-31882
-31978
-31593
-30733
-29411
-27647
-25467
-22903
-19995
-16787
-13326
 -9664
 -5858
 -1964
  1961
  5856
  9662
 13324
 16785
 19993
 22901
 25465
 27645
 29409
 30731
 31591
 31976
 31880
 31304
 30257
 28755
 26821
 24483
 21778
 18744
 15428
 11881
  8154
  4305
   392
 -3528
 -7394
-11150
-14737
-18104
-21197
-23972
-26387
-28404
-29994
-31134
-31804
-31997
-31709
-30943
-29712
-28034
-25935
-23445
-20603
-17451
-14036
-10411
 -6628
 -2746
  1176
  5082
  8911
 12606
 16112
 19375
 22346
 24981
 27241
 29091
 30504
 31457
 31938
 31938
 31457
 30504
 29091
 27241
 24981
 22346
 19375
 16112
 12606
  8911
  5082
  1176
 -2746
 -6628
-10411
-14036
-17451
-20603
-23445
-25935
-28034
-29712
-30943
-31709
-31997
-31804
-31134
-29994
-28404
-26387
-23972
-21197
-18104
-14737
-11150
 -7394
 -3528
   392
  4305
  8154
 11881
 15428
 18744
 21778
 24483
 26821
 28755
 30257
 31304
 31880
 31976
 31591
 30731
 29409
 27645
 25465
 22901
 19993
 16785
 13324
  9662
  5856
  1962
 -1963
 -5858
 -9664
-13326
-16787
-19995
-22903
-25467
-27647
-29411
-30733
-31593
-31978
-31882
-31306
-30259
-28757
-26823
-24485
-21779
-18746
-15430
-11883
 -8156
 -4307
  -394
  3526
  7392
 11148
 14735
 18102
 21195
 23970
 26385
 28402
 29992
 31132
 31802
 31995
 31707
 30941
 29710
 28032
 25933
 23443
 20601
 17449
 14034
 10409
  6626
  2744
 -1178
 -5084
 -8913
-12608
-16114
-19377
-22348
-24983
-27243
-29093
-30506
-31459
-31939
-31939
-31459
-30506
-29093
-27243
-24983
-22348
-19377
-16114
-12608
 -8913
 -5084
 -1178
  2744
  6626
 10409
 14034
 17449
 20601
 23443
 25933
 28032
 29710
 30941
 31707
 31995
 31802
 31132
 29992
 28402
 26385
 23970
 21195
 18102
 14735
 11148
  7392
  3526
  -394
 -4307
 -8156
-11883
-15430
-18746
-21779
-24485
-26823
-28757
-30259
-31306
-31882
-31978
-31593
-30733
-29411
-27647
-25467
-22903
-19995
-16787
-13326
 -9664
 -5858
 -1964
  1961
  5856
  9662
 13324
 16785
 19993
 22901
 25465
 27645
 29409
 30731
 31591
 31976
 31880
 31304
 30257
 28755
 26821
 24483
 21778
 18744
 15428
 11881
  8154
  4305
   392
 -3528
 -7394
-11150
-14737
-18104
-21197
-23972
-26387
-28404
-29994
-31134
-31804
-31997
-31709
-30943
-29712
-28034
-25935
-23445
-20603
-17451
-14036
-10411
 -6628
 -2746
  1176
  5082
  8911
 12606
 16112
 19375
 22346
 24981
 27241
 29091
 30504
 31457
 31938
 31938
 31457
 30504
 29091
 27241
 24981
 22346
 19375
 16112
 12606
  8911
  5082
  1176
 -2746
 -6628
-10411
-14036
-17451
-20603
-23445
-25935
-28034
-29712
-30943
-31709
-31997
-31804
-31134
-29994
-28404
-26387
-23972
-21197
-18104
-14737
-11150
 -7394
 -3528
   392
  4305
  8154
 11881
 15428
 18744
 21778
 24483
 26821
 28755
 30257
 31304
 31880
 31976
 31591
 30731
 29409
 27645
 25465
 22901
 19993
 16785
 13324
  9662
  5856
  1962
 -1963
 -5858
 -9664
-13326
-16787
-19995
-22903
-25467
-27647
-29411
-30733
-31593
-31978
-31882
-31306
-30259
-28757
-26823
-24485
-21779
-18746
-15430
-11883
 -8156
 -4307
  -394
  3526
  7392
 11148
 14735
 18102
 21195
 23970
 26385
 28402
 29992
 31132
 31802
 31995
 31707
 30941
 29710
 28032
 25933
 23443
 20601
 17449
 14034
 10409
  6626
  2744
 -1178
 -5084
 -8913
-12608
-16114
-19377
-22348
-24983
-27243
-29093
-30506
-31459
-31939
-31939
-31459
-30506
-29093
-27243
-24983
-22348
-19377
-16114
-12608
 -8913
 -5084
 -1178
  2744
  6626
 10409
 14034
 17449
 20601
 23443
 25933
 28032
 29710
 30941
 31707
 31995
 31802
 31132
 29992
 28402
 26385
 23970
 21195
 18102
 14735
 11148
  7392
  3526
  -394
 -4307
 -8156
-11883
-15430
-18746
-21779
-24485
-26823
-28757
-30259
-31306
-31882
-31978
-31593
-30733
-29411
-27647
-25467
-22903
-19995
-16787
-13326
 -9664
 -5858
 -1964
  1961
  5856
  9662
 13324
 16785
 19993
 22901
 25465
 27645
 29409
 30731
 31591
 31976
 31880
 31304
 30257
 28755
 26821
 24483
 21778
 18744
 15428
 11881
  8154
  4305
   392
 -3528
 -7394
-11150
-14737
-18104
-21197
-23972
-26387
-28404
-29994
-31134
-31804
-31997
-31709
-30943
-29712
-28034
-25935
-23445
-20603
-17451
-14036
-10411
 -6628
 -2746
  1176
  5082
  8911
 12606
 16112
 19375
 22346
 24981
 27241
 29091
 30504
 31457
 31938
 31938
 31457
 30504
 29091
 27241
 24981
 22346
 19375
 16112
 12606
  8911
  5082
  1176
 -2746
 -6628
-10411
-14036
-17451
-20603
-23445
-25935
-28034
-29712
-30943
-31709
-31997
-31804
-31134
-29994
-28404
-26387
-23972
-21197
-18104
-14737
-11150
 -7394
 -3528
   392
  4305
  8154
 11881
 15428
 18744
 21778
 24483
 26821
 28755
 30257
 31304
 31880
 31976
 31591
 30731
 29409
 27645
 25465
 22901
 19993
 16785
 13324
  9662
  5856
  1962
 -1963
 -5858
 -9664
-13326
-16787
-19995
-22903
-25467
-27647
-29411
-30733
-31593
-31978
-31882
-31306
-30259
-28757
-26823
-24485
-21779
-18746
-15430
-11883
 -8156
 -4307
  -394
  3526
  7392
 11148
 14735
 18102
 21195
 23970
 26385
 28402
 29992
 31132
 31802
 31995
 31707
 30941
 29710
 28032
 25933
 23443
 20601
 17449
 14034
 10409
  6626
  2744
 -1178
 -5084
 -8913
-12608
-16114
-19377
-22348
-24983
-27243
-29093
-30506
-31459
-31939
-31939
-31459
-30506
-29093
-27243
-24983
-22348
-19377
-16114
-12608
 -8913
 -5084
 -1178
  2744
  6626
 10409
 14034
 17449
 20601
 23443
 25933
 28032
 29710
 30941
 31707
 31995
 31802
 31132
 29992
 28402
 26385
 23970
 21195
 18102
 14735
 11148
  7392
  3526
  -394
 -4307
 -8156
-11883
-15430
-18746
-21779
-24485
-26823
-28757
-30259
-31306
-31882
-31978
-31593
-30733
-29411
-27647
-25467
-22903
-19995
-16787
-13326
 -9664
 -5858
 -1964
  1961
  5856
  9662
 13324
 16785
 19993
 22901
 25465
 27645
 29409
 30731
 31591
 31976
 31880
 31304
 30257
 28755
 26821
 24483
 21778
 18744
 15428
 11881
  8154
  4305
   392
 -3528
 -7394
-11150
-14737
-18104
-21197
-23972
-26387
-28404
-29994
-31134
-31804
-31997
-31709
-30943
-29712
-28034
-25935
-23445
-20603
-17451
-14036
-10411
 -6628
 -2746
  1176
  5082
  8911
 12606
 16112
 19375
 22346
 24981
 27241
 29091
 30504
 31457
 31938
 31938
 31457
 30504
 29091
 27241
 24981
 22346
 19375
 16112
 12606
  8911
  5082
  1176
 -2746
 -6628
-10411
-14036
-17451
-20603
-23445
-25935
-28034
-29712
-30943
-31709
-31997
-31804
-31134
-29994
-28404
-26387
-23972
-21197
-18104
-14737
-11150
 -7394
 -3528
   392
  4305
  8154
 11881
 15428
 18744
 21778
 24483
 26821
 28755
 30257
 31304
 31880
 31976
 31591
 30731
 29409
 27645
 25465
 22901
 19993
 16785
 13324
  9662
  5856
  1962
 -1963
 -5858
 -9664
-13326
-16787
-19995
-22903
-25467
-27647
-29411
-30733
-31593
-31978
-31882
-31306
-30259
-28757
-26823
-24485
-21779
-18746
-15430
-11883
 -8156
 -4307
  -394
  3526
  7392
 11148
 14735
 18102
 21195
 23970
 26385
 28402
 29992
 31132
 31802
 31995
 31707
 30941
 29710
 28032
 25933
 23443
 20601
 17449
 14034
 10409
  6626
  2744
 -1178
 -5084
 -8913
-12608
-16114
-19377
-22348
-24983
-27243
-29093
-30506
-31459
-31939
-31939
-31459
-30506
-29093
-27243
-24983
-22348
-19377
-16114
-12608
 -8913
 -5084
 -1178
  2744
  6626
 10409
 14034
 17449
 20601
 23443
 25933
 28032
 29710
 30941
 31707
 31995
 31802
 31132
 29992
 28402
 26385
 23970
 21195
 18102
 14735
 11148
  7392
  3526
  -394
 -4307
 -8156
-11883
-15430
-18746
-21779
-24485
-26823
-28757
-30259
-31306
-31882
-31978
-31593
-30733
-29411
-27647
-25467
-22903
-19995
-16787
-13326
 -9664
 -5858
 -1964
  1961
  5856
  9662
 13324
 16785
 19993
 22901
 25465
 27645
 29409
 30731
 31591
 31976
 31880
 31304
 30257
 28755
 26821
 24483
 21778
 18744
 15428
 11881
  8154
  4305
   392
 -3528
 -7394
-11150
-14737
-18104
-21197
-23972
-26387
-28404
-29994
-31134
-31804
-31997
-31709
-30943
-29712
-28034
-25935
-23445
-20603
-17451
-14036
-10411
 -6628
 -2746
  1176
  5082
  8911
 12606
 16112
 19375
 22346
 24981
 27241
 29091
 30504
 31457
 31938
 31938
 31457
 30504
 29091
 27241
 24981
 22346
 19375
 16112
 12606
  8911
  5082
  1176
 -2746
 -6628
-10411
-14036
-17451
-20603
-23445
-25935
-28034
-29712
-30943
-31709
-31997
-31804
-31134
-29994
-28404
-26387
-23972
-21197
-18104
-14737
-11150
 -7394
 -3528
   392
  4305
  8154
 11881
 15428
 18744
 21778
 24483
 26821
 28755
 30257
 31304
 31880
 31976
 31591
 30731
 29409
 27645
 25465
 22901
 19993
 16785
 13324
  9662
  5856
  1962
 -1963
 -5858
 -9664
-13326
-16787
-19995
-22903
-25467
-27647
-29411
-30733
-31593
-31978
-31882
-31306
-30259
-28757
-26823
-24485
-21779
-18746
-15430
-11883
 -8156
 -4307
  -394
  3526
  7392
 11148
 14735
 18102
 21195
 23970
 26385
 28402
 29992
 31132
 31802
 31995
 31707
 30941
 29710
 28032
 25933
 23443
 20601
 17449
 14034
 10409
  6626
  2744
 -1178
 -5084
 -8913
-12608
-16114
-19377
-22348
-24983
-27243
-29093
-30506
-31459
-31939
-31939
-31459
-30506
-29093
-27243
-24983
-22348
-19377
-16114
-12608
 -8913
 -5084
 -1178
  2744
  6626
 10409
 14034
 17449
 20601
 23443
 25933
 28032
 29710
 30941
 31707
 31995
 31802
 31132
 29992
 28402
 26385
 23970
 21195
 18102
 14735
 11148
  7392
  3526
  -394
 -4307
 -8156
-11883
-15430
-18746
-21779
-24485
-26823
-28757
-30259
-31306
-31882
-31978
-31593
-30733
-29411
-27647
-25467
-22903
-19995
-16787
-13326
 -9664
 -5858
 -1964
  1961
  5856
  9662
 13324
 16785
 19993
 22901
 25465
 27645
 29409
 30731
 31591
 31976
 31880
 31304
 30257
 28755
 26821
 24483
 21778
 18744
 15428
 11881
  8154
  4305
   392
 -3528
 -7394
-11150
-14737
-18104
-21197
-23972
-26387
-28404
-29994
-31134
-31804
-31997
-31709
-30943
-29712
-28034
-25935
-23445
-20603
-17451
-14036
-10411
 -6628
 -2746
  1176
  5082
  8911
 12606
 16112
 19375
 22346
 24981
 27241
 29091
 30504
 31457
 31938
 31938
 31457
 30504
 29091
 27241
 24981
 22346
 19375
 16112
 12606
  8911
  5082
  1176
 -2746
 -6628
-10411
-14036
-17451
-20603
-23445
-25935
-28034
-29712
-30943
-31709
-31997
-31804
-31134
-29994
-28404
-26387
-23972
-21197
-18104
-14737
-11150
 -7394
 -3528
   392
  4305
  8154
 11881
 15428
 18744
 21778
 24483
 26821
 28755
 30257
 31304
 31880
 31976
 31591
 30731
 29409
 27645
 25465
 22901
 19993
 16785
 13324
  9662
  5856
  1962
 -1963
 -5858
 -9664
-13326
-16787
-19995
-22903
-25467
-27647
-29411
-30733
-31593
-31978
-31882
-31306
-30259
-28757
-26823
-24485
-21779
-18746
-15430
-11883
 -8156
 -4307
  -394
  3526
  7392
 11148
 14735
 18102
 21195
 23970
 26385
 28402
 29992
 31132
 31802
 31995
 31707
 30941
 29710
 28032
 25933
 23443
 20601
 17449
 14034
 10409
  6626
  2744
 -1178
 -5084
 -8913
-12608
-16114
-19377
-22348
-24983
-27243
-29093
-30506
-31459
-31939
-31939
-31459
-30506
-29093
-27243
-24983
-22348
-19377
-16114
-12608
 -8913
 -5084
 -1178
  2744
  6626
 10409
 14034
 17449
 20601
 23443
 25933
 28032
 29710
 30941
 31707
 31995
 31802
 31132
 29992
 28402
 26385
 23970
 21195
 18102
 14735
 11148
  7392
  3526
  -394
 -4307
 -8156
-11883
-15430
-18746
-21779
-24485
-26823
-28757
-30259
-31306
-31882
-31978
-31593
-30733
-29411
-27647
-25467
-22903
-19995
-16787
-13326
 -9664
 -5858
 -1964
  1961
  5856
  9662
 13324
 16785
 19993
 22901
 25465
 27645
 29409
 30731
 31591
 31976
 31880
 31304
 30257
 28755
 26821
 24483
 21778
 18744
 15428
 11881
  8154
  4305
   392
 -3528
 -7394
-11150
-14737
-18104
-21197
-23972
-26387
-28404
-29994
-31134
-31804
-31997
-31709
-30943
-29712
-28034
-25935
-23445
-20603
-17451
-14036
-10411
 -6628
 -2746
  1176
  5082
  8911
 12606
 16112
 19375
 22346
 24981
 27241
 29091
 30504
 31457
 31938
 31938
 31457
 30504
 29091
 27241
 24981
 22346
 19375
 16112
 12606
  8911
  5082
  1176
 -2746
 -6628
-10411
-14036
-17451
-20603
-23445
-25935
-28034
-29712
-30943
-31709
-31997
-31804
-31134
-29994
-28404
-26387
-23972
-21197
-18104
-14737
-11150
 -7394
 -3528
   392
  4305
  8154
 11881
 15428
 18744
 21778
 24483
 26821
 28755
 30257
 31304
 31880
 31976
 31591
 30731
 29409
 27645
 25465
 22901
 19993
 16785
 13324
  9662
  5856
  1962
 -1963
 -5858
 -9664
-13326
-16787
-19995
-22903
-25467
-27647
-29411
-30733
-31593
-31978
-31882
-31306
-30259
-28757
-26823
-24485
-21779
-18746
-15430
-11883
 -8156
 -4307
  -394
  3526
  7392
 11148
 14735
 18102
 21195
 23970
 26385
 28402
 29992
 31132
 31802
 31995
 31707
 30941
 29710
 28032
 25933
 23443
 20601
 17449
 14034
 10409
  6626
  2744
 -1178
 -5084
 -8913
-12608
-16114
-19377
-22348
-24983
-27243
-29093
-30506
-31459
-31939
-31939
-31459
-30506
-29093
-27243
-24983
-22348
-19377
-16114
-12608
 -8913
 -5084
 -1178
  2744
  6626
 10409
 14034
 17449
 20601
 23443
 25933
 28032
 29710
 30941
 31707
 31995
 31802
 31132
 29992
 28402
 26385
 23970
 21195
 18102
 14735
 11148
  7392
  3526
  -394
 -4307
 -8156
-11883
-15430
-18746
-21779
-24485
-26823
-28757
-30259
-31306
-31882
-31978
-31593
-30733
-29411
-27647
-25467
-22903
-19995
-16787
-13326
 -9664
 -5858
 -1964
  1961
  5856
  9662
 13324
 16785
 19993
 22901
 25465
 27645
 29409
 30731
 31591
 31976
 31880
 31304
 30257
 28755
 26821
 24483
 21778
 18744
 15428
 11881
  8154
  4305
   392
 -3528
 -7394
-11150
-14737
-18104
-21197
-23972
-26387
-28404
-29994
-31134
-31804
-31997
-31709
-30943
-29712
-28034
-25935
-23445
-20603
-17451
-14036
-10411
 -6628
 -2746
  1176
  5082
  8911
 12606
 16112
 19375
 22346
 24981
 27241
 29091
 30504
 31457
 31938
 31938
 31457
 30504
 29091
 27241
 24981
 22346
 19375
 16112
 12606
  8911
  5082
  1176
 -2746
 -6628
-10411
-14036
-17451
-20603
-23445
-25935
-28034
-29712
-30943
-31709
-31997
-31804
-31134
-29994
-28404
-26387
-23972
-21197
-18104
-14737
-11150
 -7394
 -3528
   392
  4305
  8154
 11881
 15428
 18744
 21778
 24483
 26821
 28755
 30257
 31304
 31880
 31976
 31591
 30731
 29409
 27645
 25465
 22901
 19993
 16785
 13324
  9662
  5856
  1962
 -1963
 -5858
 -9664
-13326
-16787
-19995
-22903
-25467
-27647
-29411
-30733
-31593
-31978
-31882
-31306
-30259
-28757
-26823
-24485
-21779
-18746
-15430
-11883
 -8156
 -4307
  -394
  3526
  7392
 11148
 14735
 18102
 21195
 23970
 26385
 28402
 29992
 31132
 31802
 31995
 31707
 30941
 29710
 28032
 25933
 23443
 20601
 17449
 14034
 10409
  6626
  2744
 -1178
 -5084
 -8913
-12608
-16114
-19377
-22348
-24983
-27243
-29093
-30506
-31459
-31939
-31939
-31459
-30506
-29093
-27243
-24983
-22348
-19377
-16114
-12608
 -8913
 -5084
 -1178
  2744
  6626
 10409
 14034
 17449
 20601
 23443
 25933
 28032
 29710
 30941
 31707
 31995
 31802
 31132
 29992
 28402
 26385
 23970
 21195
 18102
 14735
 11148
  7392
  3526
  -394
 -4307
 -8156
-11883
-15430
-18746
-21779
-24485
-26823
-28757
-30259
-31306
-31882
-31978
-31593
-30733
-29411
-27647
-25467
-22903
-19995
-16787
-13326
 -9664
 -5858
 -1964
  1961
  5856
  9662
 13324
 16785
 19993
 22901
 25465
 27645
 29409
 30731
 31591
 31976
 31880
 31304
 30257
 28755
 26821
 24483
 21778
 18744
 15428
 11881
  8154
  4305
   392
 -3528
 -7394
-11150
-14737
-18104
-21197
-23972
-26387
-28404
-29994
-31134
-31804
-31997
-31709
-30943
-29712
-28034
-25935
-23445
-20603
-17451
-14036
-10411
 -6628
 -2746
  1176
  5082
  8911
 12606
 16112
 19375
 22346
 24981
 27241
 29091
 30504
 31457
 31938
 31938
 31457
 30504
 29091
 27241
 24981
 22346
 19375
 16112
 12606
  8911
  5082
  1176
 -2746
 -6628
-10411
-14036
-17451
-20603
-23445
-25935
-28034
-29712
-30943
-31709
-31997
-31804
-31134
-29994
-28404
-26387
-23972
-21197
-18104
-14737
-11150
 -7394
 -3528
   392
  4305
  8154
 11881
 15428
 18744
 21778
 24483
 26821
 28755
 30257
 31304
 31880
 31976
 31591
 30731
 29409
 27645
 25465
 22901
 19993
 16785
 13324
  9662
  5856
  1962
 -1963
 -5858
 -9664
-13326
-16787
-19995
-22903
-25467
-27647
-29411
-30733
-31593
-31978
-31882
-31306
-30259
-28757
-26823
-24485
-21779
-18746
-15430
-11883
 -8156
 -4307
  -394
  3526
  7392
 11148
 14735
 18102
 21195
 23970
 26385
 28402
 29992
 31132
 31802
 31995
 31707
 30941
 29710
 28032
 25933
 23443
 20601
 17449
 14034
 10409
  6626
  2744
 -1178
 -5084
 -8913
-12608
-16114
-19377
-22348
-24983
-27243
-29093
-30506
-31459
-31939
-31939
-31459
-30506
-29093
-27243
-24983
-22348
-19377
-16114
-12608
 -8913
 -5084
 -1178
  2744
  6626
 10409
 14034
 17449
 20601
 23443
 25933
 28032
 29710
 30941
 31707
 31995
 31802
 31132
 29992
 28402
 26385
 23970
 21195
 18102
 14735
 11148
  7392
  3526
  -394
 -4307
 -8156
-11883
-15430
-18746
-21779
-24485
-26823
-28757
-30259
-31306
-31882
-31978
-31593
-30733
-29411
-27647
-25467
-22903
-19995
-16787
-13326
 -9664
 -5858
 -1964
  1961
  5856
  9662
 13324
 16785
 19993
 22901
 25465
 27645
 29409
 30731
 31591
 31976
 31880
 31304
 30257
 28755
 26821
 24483
 21778
 18744
 15428
 11881
  8154
  4305
   392
 -3528
 -7394
-11150
-14737
-18104
-21197
-23972
-26387
-28404
-29994
-31134
-31804
-31997
-31709
-30943
-29712
-28034
-25935
-23445
-20603
-17451
-14036
-10411
 -6628
 -2746
  1176
  5082
  8911
 12606
 16112
 19375
 22346
 24981
 27241
 29091
 30504
 31457
 31938
 31938
 31457
 30504
 29091
 27241
 24981
 22346
 19375
 16112
 12606
  8911
  5082
  1176
 -2746
 -6628
-10411
-14036
-17451
-20603
-23445
-25935
-28034
-29712
-30943
-31709
-31997
-31804
-31134
-29994
-28404
-26387
-23972
-21197
-18104
-14737
-11150
 -7394
 -3528
   392
  4305
  8154
 11881
 15428
 18744
 21778
 24483
 26821
 28755
 30257
 31304
 31880
 31976
 31591
 30731
 29409
 27645
 25465
 22901
 19993
 16785
 13324
  9662
  5856
  1962
 -1963
 -5858
 -9664
-13326
-16787
-19995
-22903
-25467
-27647
-29411
-30733
-31593
-31978
-31882
-31306
-30259
-28757
-26823
-24485
-21779
-18746
-15430
-11883
 -8156
 -4307
  -394
  3526
  7392
 11148
 14735
 18102
 21195
 23970
 26385
 28402
 29992
 31132
 31802
 31995
 31707
 30941
 29710
 28032
 25933
 23443
 20601
 17449
 14034
 10409
  6626
  2744
 -1178
 -5084
 -8913
-12608
-16114
-19377
-22348
-24983
-27243
-29093
-30506
-31459
-31939
-31939
-31459
-30506
-29093
-27243
-24983
-22348
-19377
-16114
-12608
 -8913
 -5084
 -1178
  2744
  6626
 10409
 14034
 17449
 20601
 23443
 25933
 28032
 29710
 30941
 31707
 31995
 31802
 31132
 29992
 28402
 26385
 23970
 21195
 18102
 14735
 11148
  7392
  3526
  -394
 -4307
 -8156
-11883
-15430
-18746
-21779
-24485
-26823
-28757
-30259
-31306
-31882
-31978
-31593
-30733
-29411
-27647
-25467
-22903
-19995
-16787
-13326
 -9664
 -5858
 -1964
  1961
  5856
  9662
 13324
 16785
 19993
 22901
 25465
 27645
 29409
 30731
 31591
 31976
 31880
 31304
 30257
 28755
 26821
 24483
 21778
 18744
 15428
 11881
  8154
  4305
   392
 -3528
 -7394
-11150
-14737
-18104
-21197
-23972
-26387
-28404
-29994
-31134
-31804
-31997
-31709
-30943
-29712
-28034
-25935
-23445
-20603
-17451
-14036
-10411
 -6628
 -2746
  1176
  5082
  8911
 12606
 16112
 19375
 22346
 24981
 27241
 29091
 30504
 31457
 31938
 31938
 31457
 30504
 29091
 27241
 24981
 22346
 19375
 16112
 12606
  8911
  5082
  1176
 -2746
 -6628
-10411
-14036
-17451
-20603
-23445
-25935
-28034
-29712
-30943
-31709
-31997
-31804
-31134
-29994
-28404
-26387
-23972
-21197
-18104
-14737
-11150
 -7394
 -3528
   392
  4305
  8154
 11881
 15428
 18744
 21778
 24483
 26821
 28755
 30257
 31304
 31880
 31976
 31591
 30731
 29409
 27645
 25465
 22901
 19993
 16785
 13324
  9662
  5856
  1962
 -1963
 -5858
 -9664
-13326
-16787
-19995
-22903
-25467
-27647
-29411
-30733
-31593
-31978
-31882
-31306
-30259
-28757
-26823
-24485
-21779
-18746
-15430
-11883
 -8156
 -4307
  -394
  3526
  7392
 11148
 14735
 18102
 21195
 23970
 26385
 28402
 29992
 31132
 31802
 31995
 31707
 30941
 29710
 28032
 25933
 23443
 20601
 17449
 14034
 10409
  6626
  2744
 -1178
 -5084
 -8913
-12608
-16114
-19377
-22348
-24983
-27243
-29093
-30506
-31459
-31939
-31939
-31459
-30506
-29093
-27243
-24983
-22348
-19377
-16114
-12608
 -8913
 -5084
 -1178
  2744
  6626
 10409
 14034
 17449
 20601
 23443
 25933
 28032
 29710
 30941
 31707
 31995
 31802
 31132
 29992
 28402
 26385
 23970
 21195
 18102
 14735
 11148
  7392
  3526
  -394
 -4307
 -8156
-11883
-15430
-18746
-21779
-24485
-26823
-28757
-30259
-31306
-31882
-31978
-31593
-30733
-29411
-27647
-25467
-22903
-19995
-16787
-13326
 -9664
 -5858
 -1964
  1961
  5856
  9662
 13324
 16785
 19993
 22901
 25465
 27645
 29409
 30731
 31591
 31976
 31880
 31304
 30257
 28755
 26821
 24483
 21778
 18744
 15428
 11881
  8154
  4305
   392
 -3528
 -7394
-11150
-14737
-18104
-21197
-23972
-26387
-28404
-29994
-31134
-31804
-31997
-31709
-30943
-29712
-28034
-25935
-23445
-20603
-17451
-14036
-10411
 -6628
 -2746
  1176
  5082
  8911
 12606
 16112
 19375
 22346
 24981
 27241
 29091
 30504
 31457
 31938
 31938
 31457
 30504
 29091
 27241
 24981
 22346
 19375
 16112
 12606
  8911
  5082
  1176
 -2746
 -6628
-10411
-14036
-17451
-20603
-23445
-25935
-28034
-29712
-30943
-31709
-31997
-31804
-31134
-29994
-28404
-26387
-23972
-21197
-18104
-14737
-11150
 -7394
 -3528
   392
  4305
  8154
 11881
 15428
 18744
 21778
 24483
 26821
 28755
 30257
 31304
 31880
 31976
 31591
 30731
 29409
 27645
 25465
 22901
 19993
 16785
 13324
  9662
  5856
  1962
 -1963
 -5858
 -9664
-13326
-16787
-19995
-22903
-25467
-27647
-29411
-30733
-31593
-31978
-31882
-31306
-30259
-28757
-26823
-24485
-21779
-18746
-15430
-11883
 -8156
 -4307
  -394
  3526
  7392
 11148
 14735
 18102
 21195
 23970
 26385
 28402
 29992
 31132
 31802
 31995
 31707
 30941
 29710
 28032
 25933
 23443
 20601
 17449
 14034
 10409
  6626
  2744
 -1178
 -5084
 -8913
-12608
-16114
-19377
-22348
-24983
-27243
-29093
-30506
-31459
-31939
-31939
-31459
-30506
-29093
-27243
-24983
-22348
-19377
-16114
-12608
 -8913
 -5084
 -1178
  2744
  6626
 10409
 14034
 17449
 20601
 23443
 25933
 28032
 29710
 30941
 31707
 31995
 31802
 31132
 29992
 28402
 26385
 23970
 21195
 18102
 14735
 11148
  7392
  3526
  -394
 -4307
 -8156
-11883
-15430
-18746
-21779
-24485
-26823
-28757
-30259
-31306
-31882
-31978
-31593
-30733
-29411
-27647
-25467
-22903
-19995
-16787
-13326
 -9664
 -5858
 -1964
  1961
  5856
  9662
 13324
 16785
 19993
 22901
 25465
 27645
 29409
 30731
 31591
 31976
 31880
 31304
 30257
 28755
 26821
 24483
 21778
 18744
 15428
 11881
  8154
  4305
   392
 -3528
 -7394
-11150
-14737
-18104
-21197
-23972
-26387
-28404
-29994
-31134
-31804
-31997
-31709
-30943
-29712
-28034
-25935
-23445
-20603
-17451
-14036
-10411
 -6628
 -2746
  1176
  5082
  8911
 12606
 16112
 19375
 22346
 24981
 27241
 29091
 30504
 31457
 31938
 31938
 31457
 30504
 29091
 27241
 24981
 22346
 19375
 16112
 12606
  8911
  5082
  1176
 -2746
 -6628
-10411
-14036
-17451
-20603
-23445
-25935
-28034
-29712
-30943
-31709
-31997
-31804
-31134
-29994
-28404
-26387
-23972
-21197
-18104
-14737
-11150
 -7394
 -3528
   392
  4305
  8154
 11881
 15428
 18744
 21778
 24483
 26821
 28755
 30257
 31304
 31880
 31976
 31591
 30731
 29409
 27645
 25465
 22901
 19993
 16785
 13324
  9662
  5856
  1962
 -1963
 -5858
 -9664
-13326
-16787
-19995
-22903
-25467
-27647
-29411
-30733
-31593
-31978
-31882
-31306
-30259
-28757
-26823
-24485
-21779
-18746
-15430
-11883
 -8156
 -4307
  -394
  3526
  7392
 11148
 14735
 18102
 21195
 23970
 26385
 28402
 29992
 31132
 31802
 31995
 31707
 30941
 29710
 28032
 25933
 23443
 20601
 17449
 14034
 10409
  6626
  2744
 -1178
 -5084
 -8913
-12608
-16114
-19377
-22348
-24983
-27243
-29093
-30506
-31459
-31939
-31939
-31459
-30506
-29093
-27243
-24983
-22348
-19377
-16114
-12608
 -8913
 -5084
 -1178
  2744
  6626
 10409
 14034
 17449
 20601
 23443
 25933
 28032
 29710
 30941
 31707
 31995
 31802
 31132
 29992
 28402
 26385
 23970
 21195
 18102
 14735
 11148
  7392
  3526
  -394
 -4307
 -8156
-11883
-15430
-18746
-21779
-24485
-26823
-28757
-30259
-31306
-31882
-31978
-31593
-30733
-29411
-27647
-25467
-22903
-19995
-16787
-13326
 -9664
 -5858
 -1964
  1961
  5856
  9662
 13324
 16785
 19993
 22901
 25465
 27645
 29409
 30731
 31591
 31976
 31880
 31304
 30257
 28755
 26821
 24483
 21778
 18744
 15428
 11881
  8154
  4305
   392
 -3528
 -7394
-11150
-14737
-18104
-21197
-23972
-26387
-28404
-29994
-31134
-31804
-31997
-31709
-30943
-29712
-28034
-25935
-23445
-20603
-17451
-14036
-10411
 -6628
 -2746
  1176
  5082
  8911
 12606
 16112
 19375
 22346
 24981
 27241
 29091
 30504
 31457
 31938
 31938
 31457
 30504
 29091
 27241
 24981
 22346
 19375
 16112
 12606
  8911
  5082
  1176
 -2746
 -6628
-10411
-14036
-17451
-20603
-23445
-25935
-28034
-29712
-30943
-31709
-31997
-31804
-31134
-29994
-28404
-26387
-23972
-21197
-18104
-14737
-11150
 -7394
 -3528
   392
  4305
  8154
 11881
 15428
 18744
 21778
 24483
 26821
 28755
 30257
 31304
 31880
 31976
 31591
 30731
 29409
 27645
 25465
 22901
 19993
 16785
 13324
  9662
  5856
  1962
 -1963
 -5858
 -9664
-13326
-16787
-19995
-22903
-25467
-27647
-29411
-30733
-31593
-31978
-31882
-31306
-30259
-28757
-26823
-24485
-21779
-18746
-15430
-11883
 -8156
 -4307
  -394
  3526
  7392
 11148
 14735
 18102
 21195
 23970
 26385
 28402
 29992
 31132
 31802
 31995
 31707
 30941
 29710
 28032
 25933
 23443
 20601
 17449
 14034
 10409
  6626
  2744
 -1178
 -5084
 -8913
-12608
-16114
-19377
-22348
-24983
-27243
-29093
-30506
-31459
-31939
-31939
-31459
-30506
-29093
-27243
-24983
-22348
-19377
-16114
-12608
 -8913
 -5084
 -1178
  2744
  6626
 10409
 14034
 17449
 20601
 23443
 25933
 28032
 29710
 30941
 31707
 31995
 31802
 31132
 29992
 28402
 26385
 23970
 21195
 18102
 14735
 11148
  7392
  3526
  -394
 -4307
 -8156
-11883
-15430
-18746
-21779
-24485
-26823
-28757
-30259
-31306
-31882
-31978
-31593
-30733
-29411
-27647
-25467
-22903
-19995
-16787
-13326
 -9664
 -5858
 -1964
  1961
  5856
  9662
 13324
 16785
 19993
 22901
 25465
 27645
 29409
 30731
 31591
 31976
 31880
 31304
 30257
 28755
 26821
 24483
 21778
 18744
 15428
 11881
  8154
  4305
   392
 -3528
 -7394
-11150
-14737
-18104
-21197
-23972
-26387
-28404
-29994
-31134
-31804
-31997
-31709
-30943
-29712
-28034
-25935
-23445
-20603
-17451
-14036
-10411
 -6628
 -2746
  1176
  5082
  8911
 12606
 16112
 19375
 22346
 24981
 27241
 29091
 30504
 31457
 31938
 31938
 31457
 30504
 29091
 27241
 24981
 22346
 19375
 16112
 12606
  8911
  5082
  1176
 -2746
 -6628
-10411
-14036
-17451
-20603
-23445
-25935
-28034
-29712
-30943
-31709
-31997
-31804
-31134
-29994
-28404
-26387
-23972
-21197
-18104
-14737
-11150
 -7394
 -3528
   392
  4305
  8154
 11881
 15428
 18744
 21778
 24483
 26821
 28755
 30257
 31304
 31880
 31976
 31591
 30731
 29409
 27645
 25465
 22901
 19993
 16785
 13324
  9662
  5856
  1962
 -1963
 -5858
 -9664
-13326
-16787
-19995
-22903
-25467
-27647
-29411
-30733
-31593
-31978
-31882
-31306
-30259
-28757
-26823
-24485
-21779
-18746
-15430
-11883
 -8156
 -4307
  -394
  3526
  7392
 11148
 14735
 18102
 21195
 23970
 26385
 28402
 29992
 31132
 31802
 31995
 31707
 30941
 29710
 28032
 25933
 23443
 20601
 17449
 14034
 10409
  6626
  2744
 -1178
 -5084
 -8913
-12608
-16114
-19377
-22348
-24983
-27243
-29093
-30506
-31459
-31939
-31939
-31459
-30506
-29093
-27243
-24983
-22348
-19377
-16114
-12608
 -8913
 -5084
 -1178
  2744
  6626
 10409
 14034
 17449
 20601
 23443
 25933
 28032
 29710
 30941
 31707
 31995
 31802
 31132
 29992
 28402
 26385
 23970
 21195
 18102
 14735
 11148
  7392
  3526
  -394
 -4307
 -8156
-11883
-15430
-18746
-21779
-24485
-26823
-28757
-30259
-31306
-31882
-31978
-31593
-30733
-29411
-27647
-25467
-22903
-19995
-16787
-13326
 -9664
 -5858
 -1964
  1961
  5856
  9662
 13324
 16785
 19993
 22901
 25465
 27645
 29409
 30731
 31591
 31976
 31880
 31304
 30257
 28755
 26821
 24483
 21778
 18744
 15428
 11881
  8154
  4305
   392
 -3528
 -7394
-11150
-14737
-18104
-21197
-23972
-26387
-28404
-29994
-31134
-31804
-31997
-31709
-30943
-29712
-28034
-25935
-23445
-20603
-17451
-14036
-10411
 -6628
 -2746
  1176
  5082
  8911
 12606
 16112
 19375
 22346
 24981
 27241
 29091
 30504
 31457
 31938
 31938
 31457
 30504
 29091
 27241
 24981
 22346
 19375
 16112
 12606
  8911
  5082
  1176
 -2746
 -6628
-10411
-14036
-17451
-20603
-23445
-25935
-28034
-29712
-30943
-31709
-31997
-31804
-31134
-29994
-28404
-26387
-23972
-21197
-18104
-14737
-11150
 -7394
 -3528
   392
  4305
  8154
 11881
 15428
 18744
 21778
 24483
 26821
 28755
 30257
 31304
 31880
 31976
 31591
 30731
 29409
 27645
 25465
 22901
 19993
 16785
 13324
  9662
  5856
  1962
 -1963
 -5858
 -9664
-13326
-16787
-19995
-22903
-25467
-27647
-29411
-30733
-31593
-31978
-31882
-31306
-30259
-28757
-26823
-24485
-21779
-18746
-15430
-11883
 -8156
 -4307
  -394
  3526
  7392
 11148
 14735
 18102
 21195
 23970
 26385
 28402
 29992
 31132
 31802
 31995
 31707
 30941
 29710
 28032
 25933
 23443
 20601
 17449
 14034
 10409
  6626
  2744
 -1178
 -5084
 -8913
-12608
-16114
-19377
-22348
-24983
-27243
-29093
-30506
-31459
-31939
-31939
-31459
-30506
-29093
-27243
-24983
-22348
-19377
-16114
-12608
 -8913
 -5084
 -1178
  2744
  6626
 10409
 14034
 17449
 20601
 23443
 25933
 28032
 29710
 30941
 31707
 31995
 31802
 31132
 29992
 28402
 26385
 23970
 21195
 18102
 14735
 11148
  7392
  3526
  -394
 -4307
 -8156
-11883
-15430
-18746
-21779
-24485
-26823
-28757
-30259
-31306
-31882
-31978
-31593
-30733
-29411
-27647
-25467
-22903
-19995
-16787
-13326
 -9664
 -5858
 -1964
  1961
  5856
  9662
 13324
 16785
 19993
 22901
 25465
 27645
 29409
 30731
 31591
 31976
 31880
 31304
 30257
 28755
 26821
 24483
 21778
 18744
 15428
 11881
  8154
  4305
   392
 -3528
 -7394
-11150
-14737
-18104
-21197
-23972
-26387
-28404
-29994
-31134
-31804
-31997
-31709
-30943
-29712
-28034
-25935
-23445
-20603
-17451
-14036
-10411
 -6628
 -2746
  1176
  5082
  8911
 12606
 16112
 19375
 22346
 24981
 27241
 29091
 30504
 31457
 31938
 31938
 31457
 30504
 29091
 27241
 24981
 22346
 19375
 16112
 12606
  8911
  5082
  1176
 -2746
 -6628
-10411
-14036
-17451
-20603
-23445
-25935
-28034
-29712
-30943
-31709
-31997
-31804
-31134
-29994
-28404
-26387
-23972
-21197
-18104
-14737
-11150
 -7394
 -3528
   392
  4305
  8154
 11881
 15428
 18744
 21778
 24483
 26821
 28755
 30257
 31304
 31880
 31976
 31591
 30731
 29409
 27645
 25465
 22901
 19993
 16785
 13324
  9662
  5856
  1962
 -1963
 -5858
 -9664
-13326
-16787
-19995
-22903
-25467
-27647
-29411
-30733
-31593
-31978
-31882
-31306
-30259
-28757
-26823
-24485
-21779
-18746
-15430
-11883
 -8156
 -4307
  -394
  3526
  7392
 11148
 14735
 18102
 21195
 23970
 26385
 28402
 29992
 31132
 31802
 31995
 31707
 30941
 29710
 28032
 25933
 23443
 20601
 17449
 14034
 10409
  6626
  2744
 -1178
 -5084
 -8913
-12608
-16114
-19377
-22348
-24983
-27243
-29093
-30506
-31459
-31939
-31939
-31459
-30506
-29093
-27243
-24983
-22348
-19377
-16114
-12608
 -8913
 -5084
 -1178
  2744
  6626
 10409
 14034
 17449
 20601
 23443
 25933
 28032
 29710
 30941
 31707
 31995
 31802
 31132
 29992
 28402
 26385
 23970
 21195
 18102
 14735
 11148
  7392
  3526
  -394
 -4307
 -8156
-11883
-15430
-18746
-21779
-24485
-26823
-28757
-30259
-31306
-31882
-31978
-31593
-30733
-29411
-27647
-25467
-22903
-19995
-16787
-13326
 -9664
 -5858
 -1964
  1961
  5856
  9662
 13324
 16785
 19993
 22901
 25465
 27645
 29409
 30731
 31591
 31976
 31880
 31304
 30257
 28755
 26821
 24483
 21778
 18744
 15428
 11881
  8154
  4305
   392
 -3528
 -7394
-11150
-14737
-18104
-21197
-23972
-26387
-28404
-29994
-31134
-31804
-31997
-31709
-30943
-29712
-28034
-25935
-23445
-20603
-17451
-14036
-10411
 -6628
 -2746
  1176
  5082
  8911
 12606
 16112
 19375
 22346
 24981
 27241
 29091
 30504
 31457
 31938
 31938
 31457
 30504
 29091
 27241
 24981
 22346
 19375
 16112
 12606
  8911
  5082
  1176
 -2746
 -6628
-10411
-14036
-17451
-20603
-23445
-25935
-28034
-29712
-30943
-31709
-31997
-31804
-31134
-29994
-28404
-26387
-23972
-21197
-18104
-14737
-11150
 -7394
 -3528
   392
  4305
  8154
 11881
 15428
 18744
 21778
 24483
 26821
 28755
 30257
 31304
 31880
 31976
 31591
 30731
 29409
 27645
 25465
 22901
 19993
 16785
 13324
  9662
  5856
  1962
 -1963
 -5858
 -9664
-13326
-16787
-19995
-22903
-25467
-27647
-29411
-30733
-31593
-31978
-31882
-31306
-30259
-28757
-26823
-24485
-21779
-18746
-15430
-11883
 -8156
 -4307
  -394
  3526
  7392
 11148
 14735
 18102
 21195
 23970
 26385
 28402
 29992
 31132
 31802
 31995
 31707
 30941
 29710
 28032
 25933
 23443
 20601
 17449
 14034
 10409
  6626
  2744
 -1178
 -5084
 -8913
-12608
-16114
-19377
-22348
-24983
-27243
-29093
-30506
-31459
-31939
-31939
-31459
-30506
-29093
-27243
-24983
-22348
-19377
-16114
-12608
 -8913
 -5084
 -1178
  2744
  6626
 10409
 14034
 17449
 20601
 23443
 25933
 28032
 29710
 30941
 31707
 31995
 31802
 31132
 29992
 28402
 26385
 23970
 21195
 18102
 14735
 11148
  7392
  3526
  -394
 -4307
 -8156
-11883
-15430
-18746
-21779
-24485
-26823
-28757
-30259
-31306
-31882
-31978
-31593
-30733
-29411
-27647
-25467
-22903
-19995
-16787
-13326
 -9664
 -5858
 -1964
  1961
  5856
  9662
 13324
 16785
 19993
 22901
 25465
 27645
 29409
 30731
 31591
 31976
 31880
 31304
 30257
 28755
 26821
 24483
 21778
 18744
 15428
 11881
  8154
  4305
   392
 -3528
 -7394
-11150
-14737
-18104
-21197
-23972
-26387
-28404
-29994
-31134
-31804
-31997
-31709
-30943
-29712
-28034
-25935
-23445
-20603
-17451
-14036
-10411
 -6628
 -2746
  1176
  5082
  8911
 12606
 16112
 19375
 22346
 24981
 27241
 29091
 30504
 31457
 31938
 31938
 31457
 30504
 29091
 27241
 24981
 22346
 19375
 16112
 12606
  8911
  5082
  1176
 -2746
