25831
23169
20159
16845
13278
 9511
 5601
 1607
63125
59143
55257
51526
48005
44748
41804
39217
37025
35263
33955
33123
32778
32926
33565
34684
36267
38291
40724
43531
46668
50089
53743
57574
61524
65535
 4011
 7961
11792
15446
18867
22004
24811
27244
29268
30851
31970
32609
32757
32412
31580
30272
28510
26318
23731
20787
17530
14009
10278
 6392
 2410
63928
59934
56024
52257
48690
45376
42366
39704
37430
35580
34179
33251
32808
32857
33398
34422
35914
37852
40206
42941
46016
49385
52996
56796
60728
64731
 3211
 7179
11038
14732
18204
21402
24278
26789
28897
30571
31785
32520
32767
32520
31785
30571
28897
26789
24278
21402
18204
14732
11038
 7179
 3211
64731
60728
56796
52996
49385
46016
42941
40206
37852
35914
34422
33398
32857
32808
33251
34179
35580
37430
39704
42366
45376
48690
52257
56024
59934
63928
 2410
 6392
10278
14009
17530
20787
23731
26318
28510
30272
31580
32412
32757
32609
31970
30851
29268
27244
24811
22004
18867
15446
11792
 7961
 4011
    0
61524
57574
53743
50089
46668
43531
40724
38291
36267
34684
33565
32926
32778
33123
33955
35263
37025
39217
41804
44748
48005
51526
55257
59143
63125
 1607
 5601
 9511
13278
16845
20159
23169
25831
28105
29955
31356
32284
32727
32678
32137
31113
29621
27683
25329
22594
19519
16150
12539
 8739
 4807
  804
62324
58356
54497
50803
47331
44133
41257
38746
36638
34964
33750
33015
32769
33015
33750
34964
36638
38746
41257
44133
47331
50803
54497
58356
62324
  804
 4807
 8739
12539
16150
19519
22594
25329
27683
29621
31113
32137
32678
32727
32284
31356
29955
28105
25831
23169
20159
16845
13278
 9511
 5601
 1607
63125
59143
55257
51526
48005
44748
41804
39217
37025
35263
33955
33123
32778
32926
33565
34684
36267
38291
40724
43531
46668
50089
53743
57574
61524
65535
 4011
 7961
11792
15446
18867
22004
24811
27244
29268
30851
31970
32609
32757
32412
31580
30272
28510
26318
23731
20787
17530
14009
10278
 6392
 2410
63928
59934
56024
52257
48690
45376
42366
39704
37430
35580
34179
33251
32808
32857
33398
34422
35914
37852
40206
42941
46016
49385
52996
56796
60728
64731
 3211
 7179
11038
14732
18204
21402
24278
26789
28897
30571
31785
32520
32767
32520
31785
30571
28897
26789
24278
21402
18204
14732
11038
 7179
 3211
64731
60728
56796
52996
49385
46016
42941
40206
37852
35914
34422
33398
32857
32808
33251
34179
35580
37430
39704
42366
45376
48690
52257
56024
59934
63928
 2410
 6392
10278
14009
17530
20787
23731
26318
28510
30272
31580
32412
32757
32609
31970
30851
29268
27244
24811
22004
18867
15446
11792
 7961
 4011
    0
61524
57574
53743
50089
46668
43531
40724
38291
36267
34684
33565
32926
32778
33123
33955
35263
37025
39217
41804
44748
48005
51526
55257
59143
63125
 1607
 5601
 9511
13278
16845
20159
23169
25831
28105
29955
31356
32284
32727
32678
32137
31113
29621
27683
25329
22594
19519
16150
12539
 8739
 4807
  804
62324
58356
54497
50803
47331
44133
41257
38746
36638
34964
33750
33015
32769
33015
33750
34964
36638
38746
41257
44133
47331
50803
54497
58356
62324
  804
 4807
 8739
12539
16150
19519
22594
25329
27683
29621
31113
32137
32678
32727
32284
31356
29955
28105
25831
23169
20159
16845
13278
 9511
 5601
 1607
63125
59143
55257
51526
48005
44748
41804
39217
37025
35263
33955
33123
32778
32926
33565
34684
36267
38291
40724
43531
46668
50089
53743
57574
61524
65535
 4011
 7961
11792
15446
18867
22004
24811
27244
29268
30851
31970
32609
32757
32412
31580
30272
28510
26318
23731
20787
17530
14009
10278
 6392
 2410
63928
59934
56024
52257
48690
45376
42366
39704
37430
35580
34179
33251
32808
32857
33398
34422
35914
37852
40206
42941
46016
49385
52996
56796
60728
64731
 3211
 7179
11038
14732
18204
21402
24278
26789
28897
30571
31785
32520
32767
32520
31785
30571
28897
26789
24278
21402
18204
14732
11038
 7179
 3211
64731
60728
56796
52996
49385
46016
42941
40206
37852
35914
34422
33398
32857
32808
33251
34179
35580
37430
39704
42366
45376
48690
52257
56024
59934
63928
 2410
 6392
10278
14009
17530
20787
23731
26318
28510
30272
31580
32412
32757
32609
31970
30851
29268
27244
24811
22004
18867
15446
11792
 7961
 4011
    0
61524
57574
53743
50089
46668
43531
40724
38291
36267
34684
33565
32926
32778
33123
33955
35263
37025
39217
41804
44748
48005
51526
55257
59143
63125
 1607
 5601
 9511
13278
16845
20159
23169
25831
28105
29955
31356
32284
32727
32678
32137
31113
29621
27683
25329
22594
19519
16150
12539
 8739
 4807
  804
62324
58356
54497
50803
47331
44133
41257
38746
36638
34964
33750
33015
32769
33015
33750
34964
36638
38746
41257
44133
47331
50803
54497
58356
62324
  804
 4807
 8739
12539
16150
19519
22594
25329
27683
29621
31113
32137
32678
32727
32284
31356
29955
28105
25831
23169
20159
16845
13278
 9511
 5601
 1607
63125
59143
55257
51526
48005
44748
41804
39217
37025
35263
33955
33123
32778
32926
33565
34684
36267
38291
40724
43531
46668
50089
53743
57574
61524
65535
 4011
 7961
11792
15446
18867
22004
24811
27244
29268
30851
31970
32609
32757
32412
31580
30272
28510
26318
23731
20787
17530
14009
10278
 6392
 2410
63928
59934
56024
52257
48690
45376
42366
39704
37430
35580
34179
33251
32808
32857
33398
34422
35914
37852
40206
42941
46016
49385
52996
56796
60728
64731
 3211
 7179
11038
14732
18204
21402
24278
26789
28897
30571
31785
32520
32767
32520
31785
30571
28897
26789
24278
21402
18204
14732
11038
 7179
 3211
64731
60728
56796
52996
49385
46016
42941
40206
37852
35914
34422
33398
32857
32808
33251
34179
35580
37430
39704
42366
45376
48690
52257
56024
59934
63928
 2410
 6392
10278
14009
17530
20787
23731
26318
28510
30272
31580
32412
32757
32609
31970
30851
29268
27244
24811
22004
18867
15446
11792
 7961
 4011
    0
61524
57574
53743
50089
46668
43531
40724
38291
36267
34684
33565
32926
32778
33123
33955
35263
37025
39217
41804
44748
48005
51526
55257
59143
63125
 1607
 5601
 9511
13278
16845
20159
23169
25831
28105
29955
31356
32284
32727
32678
32137
31113
29621
27683
25329
22594
19519
16150
12539
 8739
 4807
  804
62324
58356
54497
50803
47331
44133
41257
38746
36638
34964
33750
33015
32769
33015
33750
34964
36638
38746
41257
